1305031102.160407  0.000000000 0.000000000 0.000000000 0.000000000 0.000000000 0.000000000 1.000000000
1305031102.226737976  -0.001993501 0.007609001 0.009123281 -0.002465507 -0.003232162 -0.001042465 0.999991194
1305031102.262886047  -0.001844015 0.005670450 0.036779206 -0.014755825 -0.009285202 -0.000199236 0.999847994
1305031102.295279026  -0.000021337 0.003191958 0.051231108 -0.019756595 -0.011892718 0.000881140 0.999733696
1305031102.329195023  -0.000942079 0.004452935 0.062269915 -0.022030829 -0.013915945 0.003530481 0.999654203
1305031102.363013029  0.000046261 0.004790572 0.077468995 -0.024591125 -0.016278011 0.002772469 0.999561212
1305031102.394772053  -0.003483836 0.008255527 0.086535241 -0.025821386 -0.018271990 0.002125421 0.999497310
1305031102.427814960  -0.003299784 0.014710921 0.099033857 -0.030077489 -0.021884181 0.001876807 0.999306212
1305031102.462394953  -0.000312840 0.012995434 0.113618353 -0.038739302 -0.024715559 0.001792517 0.998942038
1305031102.526329994  0.000755411 0.015013544 0.127405189 -0.043087848 -0.024281538 0.000455375 0.998776069
1305031102.562223911  -0.000584005 0.009623352 0.155088820 -0.051072743 -0.020910256 -0.003796027 0.998468791
1305031102.626817942  0.000146936 0.007319972 0.168465024 -0.048870958 -0.019001835 -0.002077556 0.998622173
1305031102.663273096  -0.005277161 0.017639657 0.189238041 -0.046763804 -0.018251060 -0.000937211 0.998738788
1305031102.695164919  -0.004494590 0.018288714 0.202592359 -0.047438361 -0.019009968 0.000529113 0.998693118
1305031102.728423119  -0.004753012 0.025116893 0.216335358 -0.047852486 -0.019500988 0.003354517 0.998658399
1305031102.763549089  -0.002436088 0.025364590 0.229001426 -0.050005863 -0.018079103 0.000892305 0.998584880
1305031102.794977903  -0.002837373 0.027262493 0.240166666 -0.051471740 -0.015082312 0.000273045 0.998560519
1305031102.828536987  -0.003835849 0.028660265 0.255493982 -0.053166552 -0.010898836 -0.001882603 0.998524406
1305031102.862807989  -0.006488701 0.030498131 0.267508859 -0.052390540 -0.007350471 -0.004508622 0.998589442
1305031102.926851034  -0.007427147 0.034165899 0.278511236 -0.052330688 -0.005787841 -0.005090674 0.998600063
1305031102.962136984  -0.016762658 0.032436712 0.292370710 -0.055430646 -0.009315009 -0.008089127 0.998386318
1305031102.994163990  -0.020495728 0.040874248 0.308581277 -0.054135035 -0.014945465 -0.005075490 0.998408869
1305031103.027880907  -0.019658973 0.044079250 0.319470770 -0.056097649 -0.021431365 -0.002230954 0.998192754
1305031103.062273026  -0.015903106 0.043355695 0.330939332 -0.056496694 -0.025843029 0.000081588 0.998068262
1305031103.094039917  -0.017888532 0.052517287 0.338310046 -0.053261729 -0.024554378 0.000926958 0.998278224
1305031103.129108906  -0.017931808 0.055051279 0.347278903 -0.054998319 -0.024306865 0.002310540 0.998187869
1305031103.162795067  -0.018444585 0.059057033 0.354157983 -0.055341696 -0.022746858 0.002652269 0.998204810
1305031103.227844954  -0.019893018 0.065401565 0.366121563 -0.067645698 -0.021516830 0.006532590 0.997455969
1305031103.262576103  -0.026289988 0.066567372 0.373712435 -0.076951799 -0.022177415 0.009066424 0.996746900
1305031103.294208050  -0.024904864 0.061252356 0.381083551 -0.085372740 -0.032341838 0.009851604 0.995775299
1305031103.327549934  -0.018711351 0.063891351 0.382253078 -0.085108809 -0.037899559 0.010878584 0.995591166
1305031103.362405062  -0.016825241 0.063676438 0.384766108 -0.088714437 -0.037404234 0.011987532 0.995282357
1305031103.394161940  -0.019082040 0.056707076 0.382776125 -0.092318685 -0.035951838 0.013067850 0.994994451
1305031103.428436995  -0.020928539 0.055590074 0.378942872 -0.091750327 -0.037967372 0.012698068 0.994976942
1305031103.463886023  -0.019213801 0.050042303 0.374293005 -0.093108991 -0.041300105 0.011000920 0.994738155
1305031103.494472027  -0.018279861 0.046016353 0.368693749 -0.090286593 -0.043223190 0.008466439 0.994941409
1305031103.531502008  -0.018640496 0.039509022 0.361031411 -0.087045416 -0.044304934 0.006360476 0.995198328
1305031103.562650919  -0.020136284 0.037437070 0.350677897 -0.082631845 -0.045137883 0.006757840 0.995534470
1305031103.595309973  -0.020880921 0.031212097 0.341585068 -0.081913383 -0.048207469 0.008729834 0.995434592
1305031103.631376028  -0.018925747 0.026296255 0.330978946 -0.078698622 -0.052821246 0.009003664 0.995457371
1305031103.663594007  -0.016103985 0.022009062 0.320215749 -0.075870176 -0.056353541 0.009346099 0.995480108
1305031103.694694996  -0.015891262 0.019395056 0.306895938 -0.072723546 -0.056364725 0.009181533 0.995715824
1305031103.731542110  -0.014257904 0.011281179 0.296366717 -0.071743210 -0.056175005 0.008368864 0.995804822
1305031103.762865067  -0.014697111 0.010667559 0.280825047 -0.067489856 -0.055267420 0.004564602 0.996177593
1305031103.794328928  -0.013217995 0.009758608 0.267409482 -0.066794372 -0.054557280 0.001138380 0.996273416
1305031103.830367088  -0.015689936 0.008207459 0.248898227 -0.069679291 -0.052854008 -0.001031648 0.996167750
1305031103.862379074  -0.016540010 -0.001410707 0.242217079 -0.077379766 -0.056403380 -0.003454915 0.995398962
1305031103.894237041  -0.014706071 -0.009475521 0.230885204 -0.077828136 -0.061025003 -0.003680660 0.995090540
1305031103.930502892  -0.012370290 -0.012377493 0.216689504 -0.075831194 -0.063973918 -0.004467277 0.995056286
1305031103.962460995  -0.010685697 -0.017795839 0.203032135 -0.073322321 -0.065902354 -0.005605616 0.995112704
1305031103.994364977  -0.003624930 -0.022115819 0.194220804 -0.069499348 -0.068518280 -0.005674449 0.995209971
1305031104.030278921  0.000215331 -0.024391944 0.176420575 -0.061468026 -0.065690573 -0.007351873 0.995917858
1305031104.062541962  0.003977293 -0.023010999 0.163661140 -0.056683283 -0.061976830 -0.010478062 0.996411606
1305031104.095304966  0.009816960 -0.030294920 0.153613074 -0.054765191 -0.057877976 -0.010959703 0.996760151
1305031104.131292105  0.006780282 -0.032622088 0.138617921 -0.048964498 -0.050791794 -0.013171701 0.997421264
1305031104.163439989  0.007740450 -0.035920701 0.125027748 -0.044788761 -0.047882838 -0.013539533 0.997756424
1305031104.194052935  0.006570429 -0.041850659 0.112451892 -0.041781859 -0.044764671 -0.013896527 0.998026697
1305031104.227247000  0.006291684 -0.044122040 0.099565823 -0.037238288 -0.042241713 -0.014634063 0.998305961
1305031104.263334990  0.010014611 -0.045990064 0.086545830 -0.032143262 -0.040085177 -0.014326320 0.998576360
1305031104.294956923  0.010531035 -0.046365234 0.075297981 -0.028039593 -0.036638322 -0.014813672 0.998825295
1305031104.331403017  0.011682438 -0.048564533 0.063009050 -0.025347529 -0.032453592 -0.015404174 0.999033022
1305031104.363344908  0.011656956 -0.049930112 0.052700186 -0.023864881 -0.027389057 -0.015234732 0.999223804
1305031104.395019054  0.008037082 -0.050747812 0.041290431 -0.021703204 -0.022712090 -0.014579390 0.999400107
1305031104.431435108  0.004626943 -0.051393264 0.029076352 -0.021373414 -0.020457063 -0.014133710 0.999462317
1305031104.463413000  0.000198344 -0.051528704 0.021251774 -0.021113429 -0.021106117 -0.014355111 0.999451192
1305031104.495672941  0.001401027 -0.057214665 0.011643862 -0.021605657 -0.024076391 -0.011684482 0.999408323
1305031104.531450033  0.004958789 -0.059483632 0.003909919 -0.018543475 -0.027036058 -0.010979418 0.999402143
1305031104.563148975  0.011007130 -0.064420189 -0.002258215 -0.014878077 -0.028120330 -0.009883218 0.999444952
1305031104.595032930  0.017383131 -0.076159109 -0.013381249 -0.006149297 -0.024195308 -0.010313886 0.999635132
1305031104.631367922  0.022166310 -0.074999702 -0.025352944 0.006263297 -0.017277977 -0.009781054 0.999783263
1305031104.659862995  0.024631954 -0.079692475 -0.034659728 0.016876268 -0.009699013 -0.008772551 0.999772056
1305031104.695184946  0.025693756 -0.081612397 -0.045365976 0.030749807 -0.002599930 -0.006314862 0.999503783
1305031104.730936050  0.028616670 -0.082547297 -0.056847085 0.043647749 0.003850854 -0.004287631 0.999030360
1305031104.763178110  0.027205800 -0.079471392 -0.066799480 0.056518791 0.011936156 -0.002871905 0.998326052
1305031104.799499035  0.031071126 -0.073863649 -0.074164175 0.068555451 0.017628406 -0.000087509 0.997491545
1305031104.830960989  0.030435269 -0.068076452 -0.081109176 0.077847794 0.024812247 0.002706433 0.996652772
1305031104.863255978  0.022792884 -0.059580100 -0.084354856 0.084847969 0.029875028 0.004740606 0.995934652
1305031104.899164915  0.025862625 -0.055955160 -0.087599393 0.087688806 0.029785793 0.007235283 0.995676218
1305031104.931091070  0.025707926 -0.055544272 -0.086535331 0.088255798 0.031018890 0.008387679 0.995579424
1305031104.959749937  0.023109685 -0.046451418 -0.082413069 0.088887715 0.030865105 0.009333300 0.995519567
1305031104.998342037  0.026424954 -0.042790950 -0.078556362 0.084544685 0.029555591 0.009807295 0.995932970
1305031105.030426979  0.021998960 -0.041624061 -0.067310465 0.078430339 0.029758658 0.008059060 0.996442751
1305031105.062444925  0.025053470 -0.041034327 -0.057358865 0.070890153 0.027867632 0.006579090 0.997073065
1305031105.097639084  0.017702438 -0.044640189 -0.045591815 0.064344787 0.028813744 0.004831909 0.997499960
1305031105.130269051  0.010819195 -0.037665085 -0.037149930 0.059204306 0.027543067 0.001640875 0.997864488
1305031105.159979105  0.007800390 -0.028027293 -0.021072640 0.047713764 0.024546973 -0.001790157 0.998557779
1305031105.198211908  0.003755563 -0.036449836 -0.005729674 0.033007281 0.020711067 -0.003676404 0.999233734
1305031105.228250027  -0.000884273 -0.033320974 0.008131614 0.025001683 0.015514286 -0.005321993 0.999552850
1305031105.262388945  -0.005432218 -0.032236371 0.023564855 0.013911313 0.009646383 -0.007347624 0.999829703
1305031105.298501015  -0.007342675 -0.035358000 0.038878139 0.002417470 0.001924186 -0.007490650 0.999967171
1305031105.328877926  -0.005784328 -0.038489578 0.055739808 -0.006760239 -0.005843813 -0.007052805 0.999935201
1305031105.362286091  -0.005699734 -0.041415874 0.070311198 -0.011864952 -0.011584869 -0.005236521 0.999848785
1305031105.398190975  -0.008059718 -0.034635834 0.083859263 -0.016349341 -0.015776927 -0.007054046 0.999716974
1305031105.430335999  -0.005929533 -0.039750123 0.100845528 -0.024939335 -0.020894284 -0.006467301 0.999449665
1305031105.461421013  -0.006916628 -0.038390247 0.113930086 -0.029048004 -0.024750000 -0.006410407 0.999250998
1305031105.497931004  -0.005480086 -0.036966886 0.127349179 -0.034385799 -0.027807014 -0.006025703 0.999003542
1305031105.529582977  -0.004410684 -0.038571786 0.143613705 -0.039361318 -0.029257062 -0.005274824 0.998782703
1305031105.562108994  -0.007189987 -0.035467012 0.156690853 -0.041840205 -0.030088633 -0.005179988 0.998657719
1305031105.597193003  -0.005034571 -0.037053918 0.174123702 -0.045856916 -0.031767753 -0.003975184 0.998434851
1305031105.659104109  -0.006170934 -0.036737324 0.185570446 -0.046655892 -0.032030661 -0.000273393 0.998397311
1305031105.698235035  0.000059983 -0.036843490 0.218191991 -0.049301914 -0.032556811 0.000059274 0.998253160
1305031105.730335951  0.000334737 -0.029656312 0.230712697 -0.046184154 -0.028405119 0.000500610 0.998528879
1305031105.762383938  0.004071471 -0.031407420 0.248691256 -0.048428623 -0.025027287 -0.000103678 0.998513041
1305031105.798055887  0.003094604 -0.030081633 0.263189490 -0.047134157 -0.019687927 0.001009857 0.998694016
1305031105.830008030  0.003928613 -0.025732044 0.277164323 -0.045409357 -0.015782998 0.001292790 0.998842939
1305031105.862237930  0.006567196 -0.019355088 0.289360721 -0.044545748 -0.011255513 0.003933216 0.998936194
1305031105.898017883  0.004225077 -0.013795675 0.303191194 -0.046482799 -0.006073017 0.007317957 0.998873824
1305031105.929855108  0.004115818 -0.007280267 0.314775966 -0.047949816 -0.002736427 0.008816565 0.998807086
1305031105.966192961  0.004354200 -0.003276595 0.329269106 -0.053504096 -0.000644723 0.011416465 0.998502158
1305031105.998270988  0.006489707 0.001444833 0.342676711 -0.057342541 0.000715939 0.013205093 0.998266971
1305031106.030147076  0.003812228 0.003902078 0.353774747 -0.063096409 0.003905078 0.013254977 0.997911769
1305031106.066060066  0.003010547 0.008474643 0.366238028 -0.067564452 0.004733198 0.015395216 0.997584898
1305031106.096295118  0.000707681 0.014351448 0.376992691 -0.072440775 0.005116800 0.016087967 0.997229828
1305031106.130445004  -0.000566659 0.014947512 0.389615720 -0.080706052 0.003080053 0.018159066 0.996567757
1305031106.166330099  -0.001909616 0.018204655 0.399385179 -0.084269561 0.002349886 0.019406619 0.996251224
1305031106.195074081  -0.002444716 0.017163291 0.409134148 -0.088654217 0.000503625 0.020117958 0.995859149
1305031106.230057955  -0.004011483 0.021771438 0.415915677 -0.087926362 -0.000185635 0.024279326 0.995831027
1305031106.265975952  -0.006082498 0.029339373 0.422916209 -0.087989936 -0.001476017 0.024562080 0.995817401
1305031106.298173904  -0.005211368 0.031078084 0.428894597 -0.092593259 -0.003335482 0.028159484 0.995300159
1305031106.330214977  -0.004014857 0.037211595 0.431387845 -0.097307709 -0.005776967 0.028453118 0.994830768
1305031106.366158009  -0.000383372 0.038602419 0.434499047 -0.106571717 -0.006952171 0.021915595 0.994039156
1305031106.398281097  0.001405058 0.031865306 0.438518146 -0.115043397 -0.002543593 0.016361916 0.993222450
1305031106.430639029  -0.004338552 0.029497575 0.435751564 -0.115463580 0.003329147 0.010903362 0.993246291
1305031106.466046095  -0.008763626 0.027293544 0.431892542 -0.114777611 0.003977827 0.008705715 0.993345100
1305031106.498095989  -0.008719200 0.020352537 0.426653460 -0.115392916 0.000352399 0.009248766 0.993276805
1305031106.528266907  -0.009437083 0.018684576 0.417601306 -0.110958328 -0.003445727 0.007781991 0.993788618
1305031106.564414024  -0.010211911 0.016137537 0.407264088 -0.107319031 -0.005032012 0.006603108 0.994189973
1305031106.597878933  -0.011890541 0.014634760 0.396342905 -0.107194782 -0.007755469 0.003477125 0.994201710
1305031106.630775928  -0.011105092 0.004781108 0.385775887 -0.109253157 -0.010721900 0.001290765 0.993955292
1305031106.667282104  -0.012941371 0.004419212 0.371653028 -0.105521066 -0.013390695 0.001350128 0.994325988
1305031106.699110031  -0.015481533 -0.001382807 0.359975082 -0.108415533 -0.018373841 0.000886863 0.993935454
1305031106.729549885  -0.016247142 -0.006751046 0.345844599 -0.107218586 -0.024741476 0.001377049 0.993926626
1305031106.767126083  -0.012774978 -0.009348233 0.331411876 -0.106030223 -0.032048544 0.001154323 0.993845637
1305031106.798309088  -0.013422836 -0.009807337 0.314489475 -0.105092196 -0.035263395 0.000049346 0.993837070
1305031106.830651999  -0.009857583 -0.023033096 0.304371360 -0.109310475 -0.041462409 -0.000507810 0.993142402
1305031106.866893053  -0.005345794 -0.029068097 0.288492371 -0.103690131 -0.045243986 -0.004004930 0.993571990
1305031106.897828102  -0.006209570 -0.026490696 0.269412286 -0.097818175 -0.044084010 -0.008725873 0.994189149
1305031106.930797100  -0.004472362 -0.038265668 0.255707321 -0.098780709 -0.043870692 -0.013211002 0.994053924
1305031106.967231989  -0.002942150 -0.045596143 0.241193461 -0.093767256 -0.042134000 -0.015937051 0.994574501
1305031106.998876095  -0.004667699 -0.040631889 0.218514273 -0.084041818 -0.038314262 -0.020398687 0.995516391
1305031107.030348063  -0.003893925 -0.051663844 0.204597536 -0.086938609 -0.035969261 -0.021309562 0.995336020
1305031107.066405058  -0.010885435 -0.059719992 0.189329844 -0.082954734 -0.032783869 -0.023224609 0.995743113
1305031107.098268032  -0.009983195 -0.057545534 0.171319557 -0.076237747 -0.033911849 -0.023966333 0.996224577
1305031107.130307913  -0.005971068 -0.059503623 0.156649662 -0.074559080 -0.033252890 -0.023930886 0.996374679
1305031107.165963888  -0.005528950 -0.067726877 0.146373151 -0.073163096 -0.031903880 -0.024883666 0.996498925
1305031107.198208094  -0.002312534 -0.072449239 0.131766625 -0.066681427 -0.030323963 -0.026475454 0.996961932
1305031107.235025883  -0.002436153 -0.074219157 0.118527075 -0.060690755 -0.026479321 -0.027075749 0.997437909
1305031107.267071009  0.000311643 -0.079276905 0.107439658 -0.055285597 -0.023569977 -0.027357783 0.997817373
1305031107.299273014  0.003226082 -0.085915878 0.098151287 -0.049352132 -0.020688157 -0.027425928 0.998190456
1305031107.334800005  0.008770464 -0.092928858 0.087283308 -0.039343844 -0.018403271 -0.027051511 0.998689941
1305031107.367182970  0.009867109 -0.089414956 0.072708631 -0.028608917 -0.012857859 -0.027155918 0.999139010
1305031107.399344921  0.012784143 -0.091162289 0.065284667 -0.022531921 -0.008264439 -0.028243466 0.999312923
1305031107.434926033  0.015892188 -0.089721968 0.056944326 -0.016456062 -0.004465895 -0.027957362 0.999463676
1305031107.467140913  0.018889203 -0.090047524 0.053906207 -0.013494393 -0.000020242 -0.027079900 0.999542185
1305031107.498425961  0.020556232 -0.086978335 0.048022173 -0.011439588 0.003680331 -0.026437182 0.999578244
1305031107.534830093  0.023685805 -0.086548566 0.048936846 -0.013998081 0.006243748 -0.025060644 0.999568424
1305031107.567014933  0.027520160 -0.094663692 0.050239418 -0.016196635 0.007590929 -0.021406963 0.999610819
1305031107.598903894  0.028474532 -0.086677764 0.049309727 -0.014346518 0.009378504 -0.020126563 0.999650510
1305031107.634943962  0.028542656 -0.083538421 0.053356975 -0.016913656 0.010899171 -0.019645639 0.999604514
1305031107.667179108  0.026792234 -0.083470808 0.055687019 -0.018178339 0.011927855 -0.018954446 0.999583915
1305031107.699389935  0.026024844 -0.079173948 0.056631425 -0.018825162 0.011735341 -0.018180272 0.999588602
1305031107.735040903  0.023011854 -0.074043034 0.058870534 -0.021417623 0.011109196 -0.017185143 0.999561175
1305031107.767894983  0.022909563 -0.075707844 0.062271584 -0.024926903 0.008377014 -0.018049377 0.999491218
1305031107.799544096  0.023791410 -0.076572747 0.063389066 -0.027948380 0.006342303 -0.017779147 0.999431121
1305031107.835751057  0.027352950 -0.073331010 0.066639304 -0.030127323 0.005419967 -0.018410356 0.999361810
1305031107.863504887  0.031649148 -0.077585666 0.070850810 -0.031955729 0.005627740 -0.021688550 0.999238093
1305031107.899221897  0.037427458 -0.077000982 0.071823660 -0.030483579 0.007723065 -0.023639345 0.999225844
1305031107.933609009  0.043321509 -0.078243865 0.073785424 -0.029004414 0.010588847 -0.024303818 0.999227674
1305031107.964839935  0.049228789 -0.079299526 0.076612246 -0.026263821 0.015295518 -0.024439890 0.999239186
1305031107.998469114  0.059685772 -0.079176098 0.079306533 -0.022905551 0.018891923 -0.026867914 0.999197951
1305031108.034823895  0.072550944 -0.076148802 0.083428496 -0.019894293 0.024854893 -0.025193813 0.999175522
1305031108.067270994  0.082082873 -0.077330511 0.088781307 -0.019110368 0.034453126 -0.020481919 0.999013647
1305031108.099364996  0.087814151 -0.078583526 0.090800059 -0.016339334 0.041624587 -0.020423796 0.998790913
1305031108.135281086  0.100811608 -0.074517209 0.092214294 -0.013170354 0.044569023 -0.019488282 0.998729368
1305031108.167356968  0.109399136 -0.069645798 0.093405433 -0.014382077 0.048821260 -0.016402934 0.998569269
1305031108.199224949  0.119504840 -0.070744076 0.098879891 -0.019789058 0.050691522 -0.017159470 0.998370831
1305031108.235213041  0.132806473 -0.075146469 0.107957047 -0.021432850 0.053791816 -0.018975044 0.998141784
1305031108.267659903  0.141101668 -0.067536289 0.107927286 -0.019215766 0.059069194 -0.018209218 0.997902805
1305031108.299546957  0.146487821 -0.064864060 0.110533338 -0.023028433 0.061800394 -0.017430796 0.997670572
1305031108.335019112  0.155427458 -0.062000258 0.114447958 -0.028554969 0.060887093 -0.015245291 0.997619645
1305031108.367285013  0.163403643 -0.062311738 0.118156843 -0.034086167 0.058971117 -0.009875990 0.997628691
1305031108.399283886  0.180134104 -0.062730605 0.120971104 -0.039670913 0.053843816 -0.002837029 0.997756991
1305031108.435023069  0.191690380 -0.061755624 0.125344925 -0.043787192 0.052962948 0.003373030 0.997630308
1305031108.467679977  0.205463490 -0.065438215 0.129647317 -0.047767366 0.052249513 0.010517148 0.997435540
1305031108.503547907  0.220789328 -0.069989382 0.134433295 -0.048621908 0.054503109 0.015303521 0.997211674
1305031108.534811020  0.236315481 -0.073701935 0.137164408 -0.045128511 0.060744636 0.014053330 0.997033606
1305031108.567153931  0.241832268 -0.064893703 0.134146870 -0.039279497 0.067747693 0.012169637 0.996854689
1305031108.603547096  0.255785784 -0.063417113 0.137829524 -0.039529423 0.073492344 0.012815721 0.996429655
1305031108.634212017  0.263074687 -0.059624958 0.138573631 -0.038548781 0.080522710 0.014838432 0.995896534
1305031108.667188883  0.277406712 -0.054317695 0.139322802 -0.040110879 0.085419278 0.018293720 0.995369280
1305031108.703346014  0.284942458 -0.057519255 0.143793917 -0.045239907 0.094260995 0.022784820 0.994258049
1305031108.735052109  0.290384066 -0.058569572 0.146429673 -0.046951790 0.100711294 0.023186786 0.993536682
1305031108.767030954  0.296937781 -0.056954927 0.146924169 -0.048170064 0.105024668 0.026194263 0.992956859
1305031108.803369999  0.298923783 -0.058354874 0.148800396 -0.050451637 0.109721040 0.031247030 0.992189271
1305031108.835163116  0.300280485 -0.064548588 0.149016800 -0.051046879 0.110575526 0.037362381 0.991852470
1305031108.867533922  0.300384192 -0.061784266 0.147631214 -0.048140343 0.108146177 0.043422623 0.992018844
1305031108.903539896  0.301116926 -0.068275886 0.148437407 -0.046711666 0.105132823 0.047598594 0.992219474
1305031108.935116053  0.300986943 -0.065978607 0.143722970 -0.040175567 0.101084667 0.050178602 0.992799034
1305031108.967245102  0.298753240 -0.060706647 0.136363715 -0.034707676 0.094007098 0.048673836 0.993775075
1305031109.003063917  0.297702573 -0.058946241 0.135041631 -0.034709760 0.089751123 0.047107313 0.994243868
1305031109.034955025  0.291330049 -0.059956799 0.132884899 -0.033686331 0.088695005 0.044844150 0.994478471
1305031109.067090988  0.283789316 -0.051761361 0.127930883 -0.033058150 0.085217539 0.039217184 0.995041277
1305031109.103293896  0.274390449 -0.054486958 0.130646960 -0.038068650 0.084454676 0.036950354 0.995013998
1305031109.134968042  0.265887709 -0.055715813 0.132231908 -0.038681830 0.081051925 0.033299239 0.995402161
1305031109.165848017  0.257293013 -0.048740275 0.128382765 -0.036636399 0.073183955 0.030251799 0.996186083
1305031109.203387976  0.252579894 -0.042036705 0.122799222 -0.040147100 0.066219443 0.032934749 0.996452958
1305031109.234323978  0.242105516 -0.043858344 0.125369865 -0.049383784 0.063087653 0.037982398 0.996061508
1305031109.266324997  0.231566124 -0.052080957 0.134258754 -0.053519449 0.057575903 0.041134798 0.996056531
1305031109.303457022  0.225160105 -0.048237857 0.129213499 -0.049833279 0.045463139 0.042365083 0.996822425
1305031109.334602118  0.213309344 -0.044977992 0.125186444 -0.051955895 0.034880732 0.041665056 0.997169967
1305031109.364881992  0.205036872 -0.049170223 0.130106399 -0.055830737 0.024561969 0.041432001 0.997277809
1305031109.403386116  0.197931682 -0.045942478 0.127396779 -0.055322306 0.015083108 0.037603532 0.997646188
1305031109.434468985  0.187010429 -0.042941147 0.126791657 -0.058221371 0.008759272 0.031722190 0.997761119
1305031109.467361927  0.177649025 -0.045844681 0.128512504 -0.061799794 0.004781868 0.028846315 0.997660167
1305031109.503192902  0.166107047 -0.050590219 0.128897740 -0.062800323 0.001705735 0.024232436 0.997730424
1305031109.535715103  0.157129849 -0.050249203 0.127383626 -0.060091088 -0.001528712 0.022724133 0.997933033
1305031109.567451954  0.144937085 -0.048714968 0.123693633 -0.059892274 -0.002614834 0.021647102 0.997966673
1305031109.603600979  0.129089406 -0.046860819 0.121368294 -0.059512073 -0.003675900 0.018920983 0.998041481
1305031109.635323048  0.121507898 -0.044851300 0.120017898 -0.059978390 -0.006260847 0.018493466 0.998008710
1305031109.667570114  0.104314228 -0.042598970 0.117942513 -0.061859952 -0.005626815 0.020145713 0.997865640
1305031109.703264952  0.092318297 -0.037635111 0.117247922 -0.063221573 -0.009550979 0.019795728 0.997757456
1305031109.735059023  0.082203772 -0.037872165 0.118434205 -0.067801728 -0.013881432 0.019481514 0.997412002
1305031109.767469883  0.074622289 -0.040599060 0.120846047 -0.072304799 -0.017541304 0.020278634 0.997022114
1305031109.803395987  0.059618261 -0.037905899 0.121769499 -0.073780586 -0.018233357 0.019272541 0.996921531
1305031109.834909916  0.045660142 -0.037774043 0.123429796 -0.077737735 -0.020710970 0.018357724 0.996589632
1305031109.871270895  0.030380467 -0.035960673 0.126349762 -0.080318133 -0.024105506 0.016571325 0.996339959
1305031109.900535107  0.017679482 -0.039461479 0.130162240 -0.082350973 -0.030502097 0.011646206 0.996068424
1305031109.934959888  0.006838357 -0.029669120 0.130958305 -0.081564378 -0.034541192 0.008330013 0.996034522
1305031109.970212936  -0.007190221 -0.032303702 0.134165279 -0.086902109 -0.036785311 0.002776189 0.995533604
1305031109.999656916  -0.018396665 -0.031685095 0.137924265 -0.088966670 -0.040145035 -0.003836962 0.995217858
1305031110.031356096  -0.030460930 -0.030253064 0.139556825 -0.091574444 -0.041510425 -0.010708370 0.994875036
1305031110.068125010  -0.042539882 -0.028892373 0.142197595 -0.093616922 -0.042392363 -0.015249191 0.994588468
1305031110.101397038  -0.057975359 -0.028898688 0.145138772 -0.098677264 -0.043668833 -0.020257054 0.993954467
1305031110.132317066  -0.069769300 -0.035510726 0.148735682 -0.101887921 -0.047911150 -0.023027040 0.993374616
1305031110.168323040  -0.079866914 -0.026087473 0.146963335 -0.100815891 -0.051797013 -0.024550005 0.993252497
1305031110.203161955  -0.090271866 -0.029823453 0.150112313 -0.106085684 -0.055579707 -0.025951006 0.992463233
1305031110.234909058  -0.101305791 -0.033435031 0.150516195 -0.107359331 -0.059821714 -0.024904716 0.992106391
1305031110.271394014  -0.108081625 -0.032675803 0.152376520 -0.104874832 -0.064907950 -0.025676010 0.992032746
1305031110.303647995  -0.120785516 -0.033363227 0.151366067 -0.102746203 -0.067635918 -0.026573871 0.992049610
1305031110.331569910  -0.132370130 -0.031279559 0.150195162 -0.101608573 -0.072388797 -0.027758057 0.991798896
1305031110.371607065  -0.142641188 -0.030759673 0.150145603 -0.100756725 -0.078806418 -0.030853196 0.991305054
1305031110.403480053  -0.153974840 -0.026945900 0.145796398 -0.100021436 -0.085329565 -0.033442367 0.990755361
1305031110.435647011  -0.162623520 -0.024529088 0.146753104 -0.104169341 -0.092353286 -0.036384584 0.989593745
1305031110.470587969  -0.176148877 -0.028213032 0.146880230 -0.107741323 -0.098915709 -0.041988178 0.988354432
1305031110.502538919  -0.186965999 -0.026978762 0.146809494 -0.107491643 -0.106998234 -0.045236100 0.987395878
1305031110.534532070  -0.196416449 -0.022300680 0.144456684 -0.108308467 -0.113971961 -0.048257887 0.986382707
1305031110.571676016  -0.205353060 -0.017266080 0.144032086 -0.111777323 -0.120224568 -0.053354492 0.984989940
1305031110.604289055  -0.213313075 -0.024621149 0.148954109 -0.118245812 -0.124767722 -0.056977139 0.983465581
1305031110.635484934  -0.222301126 -0.024217731 0.148895224 -0.116083816 -0.127110400 -0.059684407 0.983262562
1305031110.671775103  -0.229899532 -0.018634332 0.143624547 -0.115026801 -0.129223587 -0.062372815 0.982944419
1305031110.699956894  -0.234985664 -0.018714505 0.148181242 -0.118704538 -0.131485918 -0.063130754 0.982158436
1305031110.735440016  -0.241453981 -0.019153648 0.147381448 -0.118668272 -0.133029734 -0.064148966 0.981888915
1305031110.769733906  -0.244828589 -0.015589004 0.147553076 -0.118269367 -0.134578372 -0.065491402 0.981637354
1305031110.799684048  -0.246894772 -0.017266708 0.147226671 -0.119284281 -0.135156045 -0.066177532 0.981389137
1305031110.835247993  -0.249420482 -0.014520063 0.148706650 -0.120151257 -0.137396668 -0.068796784 0.980791942
1305031110.871293068  -0.246933448 -0.011953284 0.150877914 -0.119214366 -0.140275431 -0.067991021 0.980554924
1305031110.901900053  -0.247254523 -0.011915593 0.149956191 -0.120361099 -0.141320618 -0.069302501 0.980172868
1305031110.938668013  -0.243401865 -0.012831764 0.150808746 -0.120195563 -0.143700148 -0.070174365 0.979785105
1305031110.971316099  -0.235358941 -0.004609710 0.153430242 -0.117704722 -0.143473182 -0.070659690 0.980085839
1305031111.003669024  -0.227659403 -0.006968867 0.158605377 -0.120123366 -0.138917176 -0.068393367 0.980609373
1305031111.039669037  -0.220757480 -0.007412498 0.155560246 -0.119197577 -0.133389655 -0.066961107 0.981588176
1305031111.071604967  -0.216274841 -0.007383088 0.153955230 -0.121941720 -0.129363769 -0.065273897 0.981903534
1305031111.103657961  -0.207741661 -0.009403455 0.159068714 -0.123200013 -0.127307756 -0.061739092 0.982243746
1305031111.139210939  -0.197576189 -0.013488064 0.160416334 -0.122635593 -0.125053466 -0.060459439 0.982683468
1305031111.170937061  -0.185453970 -0.013088732 0.160300614 -0.120088239 -0.121435508 -0.059824130 0.983490369
1305031111.199394941  -0.178895761 -0.012024554 0.158203901 -0.118170145 -0.110977278 -0.058297872 0.985048841
1305031111.236670017  -0.174262664 -0.017208867 0.159501231 -0.119292404 -0.107075336 -0.058431917 0.985337458
1305031111.269938946  -0.164052974 -0.018337408 0.162345984 -0.114796089 -0.103976419 -0.057085643 0.986281903
1305031111.302310944  -0.157506042 -0.016207513 0.151287820 -0.110732257 -0.096825778 -0.055292445 0.987575760
1305031111.339459896  -0.149377898 -0.018425109 0.152802221 -0.115757416 -0.099397125 -0.054944154 0.986763179
1305031111.370908022  -0.137530909 -0.024254445 0.163448583 -0.116399649 -0.101106515 -0.050905582 0.986730569
1305031111.402910948  -0.128623177 -0.021154545 0.153411361 -0.109848801 -0.101119563 -0.051610832 0.987443364
1305031111.438947916  -0.112829630 -0.020111416 0.162408107 -0.110193962 -0.107552322 -0.055379728 0.986520590
1305031111.470918894  -0.090101291 -0.028907310 0.164094847 -0.109301840 -0.101840000 -0.052670728 0.987374051
1305031111.503530979  -0.085284907 -0.029111603 0.161736121 -0.104887592 -0.088011284 -0.054748377 0.989067855
1305031111.539482117  -0.074519095 -0.032328582 0.161440189 -0.101354132 -0.080030628 -0.054286787 0.990139073
1305031111.571320057  -0.067006040 -0.028165315 0.154940334 -0.096106725 -0.067136188 -0.050075962 0.991841029
1305031111.603390932  -0.061801831 -0.032239279 0.152914129 -0.098588746 -0.060730695 -0.043489962 0.992320848
1305031111.639405012  -0.046362358 -0.037255773 0.161556597 -0.095524751 -0.060974922 -0.036596044 0.992883584
1305031111.671252012  -0.028674662 -0.033695019 0.152887836 -0.089024589 -0.053180601 -0.030692924 0.994134996
1305031111.703790903  -0.018872811 -0.034286426 0.155157523 -0.088740073 -0.043163031 -0.030212725 0.994660416
1305031111.739504099  0.001136707 -0.037409023 0.156765537 -0.084847267 -0.032428927 -0.026676936 0.995508738
1305031111.771228075  0.011449003 -0.032965963 0.152409093 -0.079557741 -0.012447291 -0.024486480 0.996451726
1305031111.800076962  0.016682182 -0.035290453 0.154713050 -0.076944541 0.003371345 -0.025847526 0.996694576
1305031111.839333057  0.029194331 -0.034149254 0.152653750 -0.072663546 0.013132054 -0.024155424 0.996977469
1305031111.870985031  0.031877030 -0.032487287 0.152749572 -0.072853380 0.023043889 -0.020010634 0.996875588
1305031111.903356075  0.035956869 -0.037901859 0.154900493 -0.073167508 0.025302110 -0.014427217 0.996894264
1305031111.939680099  0.051745302 -0.036950757 0.153584652 -0.071085284 0.021177345 -0.004914945 0.997233296
1305031111.971493959  0.073154947 -0.034533097 0.156027576 -0.069073775 0.020664696 0.001977077 0.997395546
1305031112.003596067  0.085294958 -0.037405287 0.156978042 -0.067200286 0.029121901 -0.000143598 0.997314402
1305031112.039412022  0.097004607 -0.036661994 0.156602047 -0.063029699 0.038153914 -0.002472411 0.997279010
1305031112.070730925  0.107252601 -0.035777119 0.156150347 -0.060239564 0.051322463 -0.003621949 0.996857102
1305031112.102494955  0.107178464 -0.032591679 0.154119103 -0.055736761 0.063660385 -0.009133508 0.996372093
1305031112.139106989  0.126167580 -0.027953276 0.156711711 -0.053372121 0.065891568 -0.014341063 0.996295163
1305031112.169344902  0.144200330 -0.028230088 0.156331795 -0.055372521 0.076660793 -0.017731942 0.995360530
1305031112.207732916  0.153288413 -0.035693619 0.164432382 -0.056956061 0.087606585 -0.022803217 0.994264103
1305031112.235656977  0.161675838 -0.038971911 0.165569651 -0.051034811 0.098662795 -0.027391499 0.993433846
1305031112.269488096  0.164528043 -0.037787706 0.166640563 -0.044884998 0.107799954 -0.030636263 0.992686217
1305031112.303591013  0.173309915 -0.040937287 0.168620136 -0.039249728 0.110701065 -0.032285593 0.992553461
1305031112.335788965  0.187078841 -0.038970593 0.165453618 -0.031409615 0.109814446 -0.030143335 0.992998289
1305031112.371231079  0.196273022 -0.039766710 0.164177190 -0.027514394 0.108793362 -0.026406491 0.993332603
1305031112.407490969  0.210173364 -0.040115550 0.163125797 -0.025051844 0.105758421 -0.022104074 0.993830454
1305031112.439064026  0.221058879 -0.043066590 0.165134743 -0.023217515 0.104942700 -0.016097727 0.994076878
1305031112.471065998  0.228667769 -0.042714876 0.162685966 -0.019663833 0.104459541 -0.006361793 0.994314370
1305031112.506669044  0.240608481 -0.044601626 0.161567618 -0.017528097 0.099980633 0.001551247 0.994833771
1305031112.538310051  0.249504534 -0.044235085 0.159408514 -0.014972631 0.096717804 0.006007265 0.995181089
1305031112.567470074  0.259066097 -0.043601238 0.159383178 -0.012381107 0.093713688 0.011386662 0.995457079
1305031112.606741905  0.275220942 -0.038066296 0.153158197 -0.010095816 0.091632332 0.019900238 0.995542852
1305031112.639417887  0.286626879 -0.039181696 0.153121902 -0.012939656 0.096581092 0.027297407 0.994866579
1305031112.671324968  0.289394747 -0.039692742 0.154660316 -0.014604961 0.103506516 0.030609656 0.994050374
1305031112.707324982  0.290727877 -0.037585771 0.155794332 -0.016566436 0.108524638 0.032477171 0.993424979
1305031112.739546061  0.291891285 -0.031481428 0.152476481 -0.019715585 0.112273521 0.035973235 0.992830237
1305031112.771522999  0.289461125 -0.035073266 0.158592711 -0.028548909 0.117288334 0.038985403 0.991921642
1305031112.807538986  0.282290656 -0.038096144 0.163171382 -0.031294326 0.118968658 0.037545964 0.991694219
1305031112.839560032  0.276336181 -0.032811317 0.160979838 -0.032766443 0.113926805 0.035689921 0.992307046
1305031112.871083021  0.273860052 -0.033405855 0.162511792 -0.037287855 0.111131601 0.038099306 0.992374841
1305031112.907246113  0.263841461 -0.034850821 0.163810571 -0.040166458 0.109523339 0.039887923 0.992371023
1305031112.939322948  0.257032748 -0.037614094 0.164713039 -0.042771115 0.104109994 0.039070723 0.992877243
1305031112.971163988  0.252707705 -0.036932574 0.166280918 -0.043660270 0.098117760 0.035989560 0.993565014
1305031113.007165909  0.248332425 -0.031962915 0.162231387 -0.043726189 0.093929009 0.035898735 0.993970142
1305031113.039491892  0.242543960 -0.034374512 0.161630441 -0.048942741 0.090966454 0.034042352 0.994067820
1305031113.071209908  0.230409061 -0.042798285 0.164438991 -0.051659618 0.088834106 0.028719733 0.994291186
1305031113.107661963  0.219992235 -0.041013998 0.158715768 -0.049168039 0.082716958 0.023725769 0.995076629
1305031113.139663935  0.212850932 -0.036871036 0.155201129 -0.050658094 0.078529290 0.021858174 0.995383910
1305031113.171087980  0.201589612 -0.042735808 0.158745696 -0.054889446 0.076741055 0.023894940 0.995252225
1305031113.207180977  0.191618521 -0.044110310 0.155324807 -0.053253416 0.069697625 0.025154121 0.995828090
1305031113.239732027  0.182518108 -0.042533015 0.151257267 -0.055566477 0.060797733 0.025917229 0.996265175
1305031113.271470070  0.172171621 -0.049239595 0.158450809 -0.059534612 0.054178298 0.027396707 0.996378323
1305031113.307322979  0.158794227 -0.056375683 0.158214788 -0.056599350 0.046175489 0.030479225 0.996862756
1305031113.339396000  0.158060083 -0.046688524 0.148954981 -0.048071741 0.030258188 0.029240775 0.997957177
1305031113.371376991  0.147874170 -0.047652102 0.150414325 -0.052305576 0.019238415 0.026809252 0.998085805
1305031113.407351017  0.137733213 -0.055499864 0.157220499 -0.054024282 0.009822841 0.027022854 0.998125570
1305031113.439786911  0.119044636 -0.046031879 0.152922994 -0.049087490 0.003802821 0.020565884 0.998575486
1305031113.475656986  0.104398334 -0.045489387 0.152649212 -0.052989404 -0.004059028 0.014918291 0.998475384
1305031113.507987022  0.090366955 -0.049221130 0.155302204 -0.057923681 -0.010828708 0.013313079 0.998173506
1305031113.539417028  0.074309071 -0.052251233 0.158332259 -0.060159799 -0.017116525 0.009786022 0.997994016
1305031113.574964046  0.061031289 -0.046721459 0.155448854 -0.058189066 -0.022817744 0.004999463 0.998032258
1305031113.607215881  0.049589667 -0.046541134 0.157060095 -0.061401773 -0.026874036 0.000853866 0.997750910
1305031113.638417959  0.037122505 -0.047255943 0.157413200 -0.064788069 -0.027668391 -0.002474600 0.997512327
1305031113.674243927  0.022669126 -0.047115705 0.157909956 -0.065114379 -0.027166865 -0.006106089 0.997489245
1305031113.704256058  0.010662171 -0.047172228 0.160850262 -0.065144061 -0.027364448 -0.011184424 0.997437891
1305031113.736263037  -0.002891898 -0.046416759 0.158984468 -0.064309801 -0.024723691 -0.015776645 0.997498915
1305031113.774168015  -0.016612181 -0.047557019 0.161043044 -0.063443493 -0.022587603 -0.020075737 0.997527788
1305031113.805794954  -0.029060446 -0.043604574 0.159691174 -0.061064092 -0.022013881 -0.021378454 0.997662031
1305031113.838437080  -0.043014126 -0.041931205 0.159754049 -0.061742961 -0.019547459 -0.025391848 0.997577545
1305031113.874200106  -0.059335992 -0.048955783 0.165829960 -0.062384881 -0.019066531 -0.029878717 0.997422607
1305031113.906361103  -0.071290430 -0.042852004 0.162854009 -0.057368751 -0.020569812 -0.029896001 0.997693309
1305031113.938560963  -0.080248667 -0.043921136 0.165979614 -0.055139905 -0.019913159 -0.032444825 0.997752670
1305031113.974245071  -0.096935543 -0.041949382 0.166144703 -0.051049276 -0.017350077 -0.038046993 0.997820311
1305031114.007081985  -0.113673006 -0.040681385 0.165701438 -0.048049625 -0.016052588 -0.043163161 0.997782787
1305031114.038546085  -0.133568813 -0.039581873 0.166662537 -0.046451824 -0.017309468 -0.044978707 0.997757248
1305031114.074297905  -0.148238373 -0.038882282 0.167637086 -0.043601363 -0.022930881 -0.045423942 0.997752355
1305031114.106401920  -0.160885343 -0.035407519 0.166764509 -0.040998991 -0.028786661 -0.048584648 0.997562000
1305031114.138561964  -0.172101186 -0.033570000 0.168128766 -0.040785909 -0.034358919 -0.051558266 0.997245065
1305031114.174113989  -0.179876970 -0.036852766 0.170573108 -0.038954253 -0.038431268 -0.052977232 0.997095290
1305031114.206254959  -0.195013048 -0.026838927 0.167622720 -0.034990604 -0.037819747 -0.055776581 0.997112981
1305031114.238472939  -0.211030156 -0.027353399 0.171721402 -0.037684715 -0.040018173 -0.059283941 0.996726554
1305031114.271075010  -0.227198748 -0.026509357 0.171723746 -0.037163062 -0.045551631 -0.061562994 0.996370390
1305031114.306710005  -0.237501260 -0.022661958 0.172613019 -0.037667153 -0.054176273 -0.061985807 0.995893507
1305031114.338918924  -0.243270156 -0.023536254 0.174284038 -0.039341083 -0.061650565 -0.064594772 0.995228116
1305031114.374306917  -0.252323677 -0.024846158 0.175147887 -0.039267479 -0.064154274 -0.068351103 0.994821804
1305031114.406590939  -0.265929760 -0.022924091 0.176459355 -0.038118068 -0.065029466 -0.073373818 0.994451841
1305031114.438539982  -0.279082202 -0.022546759 0.175729642 -0.038764567 -0.068785026 -0.075063024 0.994048022
1305031114.474488974  -0.291439014 -0.022567873 0.177366626 -0.038676489 -0.075529840 -0.075378310 0.993537862
1305031114.506572962  -0.298065753 -0.019673490 0.177390958 -0.039044641 -0.084204996 -0.077648194 0.992650892
1305031114.539952993  -0.301188893 -0.020808451 0.180007471 -0.042771429 -0.089409783 -0.076537784 0.992128249
1305031114.575185061  -0.305677546 -0.022475732 0.181184820 -0.043837992 -0.090509287 -0.073209141 0.992233199
1305031114.607559919  -0.312742887 -0.018456443 0.180307690 -0.045357078 -0.090506718 -0.071481226 0.992291139
1305031114.644150019  -0.320005286 -0.021322461 0.182294376 -0.051131465 -0.092624528 -0.070060170 0.991916248
1305031114.675654888  -0.324248759 -0.024012014 0.183453596 -0.054271523 -0.099356421 -0.070360386 0.991076344
1305031114.706140995  -0.323346121 -0.027609888 0.185253333 -0.055922819 -0.105260088 -0.069071089 0.990465616
1305031114.743275881  -0.324477403 -0.028644910 0.185534251 -0.054637244 -0.108813208 -0.072835021 0.989883588
1305031114.774847031  -0.322260740 -0.026257079 0.183949042 -0.051455013 -0.110728754 -0.076009028 0.989603028
1305031114.807310104  -0.323160640 -0.023416213 0.183791474 -0.051865101 -0.109993022 -0.077123581 0.989577435
1305031114.842137098  -0.319512227 -0.025924299 0.183239248 -0.051828197 -0.111997528 -0.079083586 0.989199767
1305031114.875056028  -0.316679121 -0.021378569 0.184155118 -0.051830810 -0.111709119 -0.079072502 0.989233127
1305031114.907504082  -0.310592916 -0.019435716 0.182286914 -0.052245595 -0.113067097 -0.078843243 0.989075312
1305031114.943264008  -0.303617987 -0.016913916 0.184267501 -0.054349949 -0.112945624 -0.080637190 0.988831135
1305031114.975410938  -0.298203585 -0.013800124 0.182948865 -0.055406657 -0.110208537 -0.082290550 0.988945118
1305031115.007179022  -0.290268076 -0.008981549 0.183448810 -0.058864056 -0.109325817 -0.084013262 0.988698468
1305031115.043529987  -0.279013999 -0.012876650 0.190065369 -0.063464318 -0.107837582 -0.083128275 0.988652126
1305031115.071577072  -0.270300889 -0.008782912 0.190833226 -0.063977141 -0.104126418 -0.084459474 0.988904046
1305031115.107074022  -0.257295321 -0.008215370 0.195322457 -0.067115356 -0.099736240 -0.082457717 0.989317409
1305031115.143294096  -0.249521430 -0.009908319 0.197979684 -0.068583304 -0.089180634 -0.081289446 0.990320741
1305031115.172641993  -0.243570108 -0.009003501 0.197994742 -0.070281217 -0.083987297 -0.080261322 0.990739524
1305031115.206453085  -0.231429305 -0.014421928 0.205882498 -0.071638540 -0.080766867 -0.078979039 0.991013090
1305031115.240974903  -0.221058782 -0.015615608 0.208963038 -0.066567773 -0.073886539 -0.076147890 0.992124493
1305031115.273468018  -0.212671213 -0.007417061 0.208232875 -0.063108764 -0.068545591 -0.073065171 0.992965391
1305031115.305533886  -0.194647138 -0.016819561 0.215876639 -0.065537396 -0.063337672 -0.066600008 0.993608388
1305031115.343425989  -0.186226598 -0.011832481 0.211743966 -0.059487101 -0.050522139 -0.065181314 0.994816664
1305031115.375053883  -0.183587697 -0.007883298 0.206550906 -0.063700278 -0.043860318 -0.060189128 0.995186322
1305031115.406163931  -0.169264681 -0.012143086 0.213027376 -0.071257593 -0.049843193 -0.056872496 0.994587116
1305031115.443039894  -0.154380928 -0.011241940 0.215583841 -0.073660957 -0.049675948 -0.052697649 0.994650351
1305031115.474863052  -0.140549885 -0.011132461 0.217362415 -0.078180446 -0.048320570 -0.047353692 0.994640924
1305031115.507440090  -0.113343657 -0.018366403 0.223287567 -0.082387696 -0.048993928 -0.042699880 0.994479051
1305031115.543620110  -0.093720437 -0.020719955 0.224490375 -0.081713185 -0.036102094 -0.036935064 0.995316731
1305031115.575289965  -0.086813668 -0.021856111 0.219714473 -0.080059064 -0.020322837 -0.032807885 0.996042756
1305031115.607428074  -0.073344371 -0.024383804 0.217881632 -0.078782572 -0.012862672 -0.028214541 0.996409453
1305031115.643254042  -0.059790974 -0.027685372 0.216461463 -0.077113686 -0.004497559 -0.021310301 0.996784391
1305031115.675106049  -0.052914702 -0.030331202 0.211895447 -0.075255077 0.001428664 -0.011746095 0.997094109
1305031115.706300974  -0.028695891 -0.029675326 0.209333420 -0.074461665 -0.001347606 -0.002277794 0.997220365
1305031115.742904902  -0.004992091 -0.032384461 0.212569901 -0.073814477 0.004409480 0.003721540 0.997255298
1305031115.774328947  0.008423586 -0.035430193 0.208191340 -0.071553423 0.015366818 0.009757535 0.997270655
1305031115.806425095  0.026755581 -0.034569890 0.204131560 -0.070463417 0.024301767 0.017215619 0.997069683
1305031115.841936111  0.039248637 -0.037041332 0.203383181 -0.073121130 0.036140805 0.024846389 0.996358269
1305031115.875346899  0.042293951 -0.041796188 0.201006665 -0.072213919 0.046912039 0.031976800 0.995772009
1305031115.910716057  0.061279137 -0.038013576 0.199888631 -0.068464267 0.048610964 0.037146322 0.995775963
1305031115.942014933  0.074601307 -0.035291490 0.200482361 -0.068031583 0.055992373 0.042885575 0.995187111
1305031115.973798990  0.084096193 -0.029184304 0.200912341 -0.066505077 0.063464889 0.048065130 0.994604960
1305031116.010843039  0.097194878 -0.025760316 0.203581604 -0.066907343 0.073115749 0.050483121 0.993795225
1305031116.042618036  0.106470752 -0.024273802 0.204774334 -0.068878997 0.087502377 0.051409106 0.992449556
1305031116.071527004  0.111008874 -0.015608758 0.206516562 -0.069750746 0.101302908 0.054810866 0.990892690
1305031116.108247042  0.120889843 -0.015044199 0.209316846 -0.075488947 0.112632092 0.057707661 0.989083038
1305031116.143446922  0.124911823 -0.017178280 0.212319933 -0.079329325 0.124568559 0.060769796 0.987165925
1305031116.174890995  0.131485958 -0.015919988 0.213959093 -0.080658635 0.131757768 0.063980760 0.985921162
1305031116.211319923  0.139948587 -0.010297142 0.216133439 -0.081901024 0.138454586 0.066727152 0.984718253
1305031116.242719889  0.151382425 -0.011764082 0.218473064 -0.083659592 0.144594029 0.069988146 0.983460878
1305031116.274420977  0.161326659 -0.011165804 0.214507050 -0.082653706 0.153483297 0.073127412 0.981969258
1305031116.310686111  0.167112815 -0.009750983 0.213611546 -0.084650773 0.163359574 0.077212423 0.979890881
1305031116.342458963  0.174794721 -0.017213132 0.215160760 -0.087124259 0.169291664 0.081433032 0.978324260
1305031116.374490023  0.178957540 -0.018813431 0.212999234 -0.081436213 0.172663171 0.082377404 0.978145969
1305031116.409631014  0.177406836 -0.016226523 0.208974751 -0.077210875 0.175918197 0.084677694 0.977712103
1305031116.442496061  0.177802360 -0.015201958 0.205740315 -0.078857012 0.177928044 0.093218226 0.976439217
1305031116.473393917  0.179826524 -0.018298012 0.203662812 -0.078646784 0.178487868 0.098882433 0.975796612
1305031116.510576010  0.174961827 -0.016102140 0.201724005 -0.075580264 0.178159235 0.094850948 0.976498955
1305031116.542695045  0.166211105 -0.017125214 0.201489540 -0.074759055 0.179860645 0.089794732 0.976728283
1305031116.574388981  0.156632674 -0.013498320 0.202055722 -0.073990670 0.178599601 0.087419214 0.977233567
1305031116.610891104  0.144567835 -0.016545255 0.204617933 -0.074916155 0.174170359 0.081042491 0.978511303
1305031116.642663956  0.130794024 -0.016702171 0.202623943 -0.073928825 0.166584704 0.072314989 0.980588909
1305031116.674523115  0.123084828 -0.017603332 0.201460131 -0.075536287 0.157101255 0.064098696 0.982601049
1305031116.710942030  0.109151780 -0.016281540 0.198775718 -0.075469528 0.152226416 0.054219936 0.983967310
1305031116.740575075  0.093842890 -0.013361932 0.197697240 -0.076856761 0.147397651 0.043284000 0.985136268
1305031116.775058985  0.080186167 -0.011105445 0.197996903 -0.079056013 0.142156101 0.032635604 0.986142336
1305031116.811342955  0.061175797 -0.014168126 0.201584505 -0.080580603 0.139474840 0.023839296 0.986653548
1305031116.840369940  0.042345857 -0.018226554 0.198489562 -0.081652917 0.130319237 0.015988426 0.987974730
1305031116.871726036  0.030333763 -0.018629627 0.199459182 -0.084748787 0.117861727 0.010728716 0.989348852
1305031116.907954931  0.013461187 -0.021732412 0.200125405 -0.086367622 0.106544424 0.006017945 0.990531526
1305031116.940625906  0.002784392 -0.017584295 0.199238465 -0.087158691 0.089772972 -0.000854182 0.992140840
1305031116.974656105  -0.012765051 -0.020123083 0.202346909 -0.088766759 0.077189401 -0.011446305 0.992991058
1305031117.008811951  -0.028875174 -0.015452193 0.201794068 -0.086474527 0.065196005 -0.018998413 0.993936969
1305031117.042064905  -0.040513781 -0.007837620 0.200962076 -0.085354301 0.053268021 -0.024472712 0.994624677
1305031117.071181059  -0.051434047 -0.007201224 0.201994740 -0.088681672 0.041841868 -0.030297645 0.994719494
1305031117.110454082  -0.064786630 -0.006598098 0.202780365 -0.091283323 0.030868293 -0.031596581 0.994844792
1305031117.142383099  -0.071099617 0.000718924 0.202968774 -0.092308500 0.018728331 -0.031839591 0.995045040
1305031117.175059080  -0.077442446 0.002746536 0.206451824 -0.095733335 0.008301983 -0.037296077 0.994673418
1305031117.207752943  -0.078334739 0.005724228 0.208079093 -0.097243722 -0.000765690 -0.039091476 0.994492297
1305031117.241339922  -0.076796248 0.013099947 0.209621078 -0.098553027 -0.005099900 -0.040845406 0.994280114
1305031117.276515961  -0.077363443 0.008387929 0.212839858 -0.105467146 -0.005085527 -0.044635070 0.993407534
1305031117.310121059  -0.085182120 0.001994452 0.214548562 -0.111458330 -0.001270497 -0.046175065 0.992694963
1305031117.341043949  -0.084094008 -0.002164688 0.215949379 -0.113983902 -0.002896288 -0.046989147 0.992366516
1305031117.375066996  -0.085106386 -0.004375401 0.217521743 -0.112715827 -0.003257036 -0.046530123 0.992531854
1305031117.408538103  -0.088420972 -0.012123499 0.217478882 -0.113072432 -0.004366456 -0.046641323 0.992481812
1305031117.442208052  -0.087904984 -0.013766555 0.215719060 -0.109010538 -0.005912201 -0.044362196 0.993032600
1305031117.475651026  -0.088291180 -0.023256012 0.217344792 -0.109430666 -0.007307188 -0.043347482 0.993021918
1305031117.508882046  -0.087341986 -0.030336240 0.218623236 -0.106831868 -0.009580592 -0.041529128 0.993363224
1305031117.539736032  -0.088180613 -0.035149937 0.218221588 -0.101287774 -0.010506796 -0.041194055 0.993948411
1305031117.577860117  -0.091412137 -0.039457443 0.218363936 -0.097476522 -0.011611764 -0.043023254 0.994239656
1305031117.607777119  -0.090699519 -0.048234896 0.220539689 -0.097504704 -0.013884167 -0.041800536 0.994259915
1305031117.643284082  -0.091853334 -0.057571934 0.222753279 -0.096324280 -0.016101900 -0.040687188 0.994387708
1305031117.675482988  -0.092331702 -0.062737102 0.225580797 -0.096106771 -0.018426934 -0.040049981 0.994394256
1305031117.711215019  -0.091708837 -0.071925846 0.230269039 -0.096929567 -0.021541417 -0.037792857 0.994340146
1305031117.742995024  -0.091417592 -0.082562310 0.235059441 -0.097612458 -0.024014957 -0.033658321 0.994365228
1305031117.778969049  -0.090587518 -0.088594925 0.237913211 -0.096986379 -0.026831095 -0.031806681 0.994415441
1305031117.811059952  -0.089646641 -0.099422915 0.246976104 -0.098419883 -0.029451015 -0.028423194 0.994302915
1305031117.843307018  -0.087877388 -0.106204878 0.250410883 -0.094522443 -0.029248202 -0.027736952 0.994706345
1305031117.879467010  -0.087882144 -0.115820178 0.255331159 -0.094114626 -0.026412441 -0.027698195 0.994825427
1305031117.908761978  -0.089523172 -0.128195162 0.262546681 -0.094868178 -0.024683578 -0.027622037 0.994800368
1305031117.943272114  -0.088211224 -0.133052496 0.265504190 -0.092104869 -0.023076380 -0.028089832 0.995085491
1305031117.979263067  -0.088790180 -0.140477171 0.269872266 -0.093263693 -0.021581171 -0.027656965 0.995023230
1305031118.011013031  -0.091022295 -0.155822003 0.277862691 -0.097173500 -0.020876920 -0.028341978 0.994644759
1305031118.043549061  -0.091079874 -0.163593979 0.283036221 -0.095201626 -0.019454111 -0.028214869 0.994867885
1305031118.079369068  -0.090830376 -0.172277955 0.288205624 -0.094941501 -0.017952889 -0.029252281 0.994891004
1305031118.110862970  -0.086663217 -0.184641851 0.295507328 -0.095428681 -0.015530359 -0.030188761 0.994857182
1305031118.142285109  -0.091948816 -0.193262153 0.299178752 -0.093850168 -0.009638558 -0.032583728 0.995006304
1305031118.178169966  -0.090026829 -0.206097513 0.306401483 -0.094551526 -0.007467478 -0.033980900 0.994911827
1305031118.210782051  -0.095014111 -0.218274868 0.310333719 -0.092147463 -0.003820706 -0.032744773 0.995199491
1305031118.242948055  -0.094936550 -0.227195063 0.314413392 -0.089256012 -0.005533656 -0.033109911 0.995442855
1305031118.278990984  -0.091189945 -0.241973387 0.320832835 -0.087692886 -0.007182725 -0.032423272 0.995593842
1305031118.310730934  -0.095286451 -0.248404287 0.322201666 -0.080132488 -0.006587685 -0.033628322 0.996195022
1305031118.342078924  -0.090699768 -0.253218521 0.325024271 -0.074807992 -0.006839465 -0.034030505 0.996593654
1305031118.377002954  -0.095999002 -0.260575778 0.328562106 -0.071020384 -0.004451009 -0.036692545 0.996789823
1305031118.408818007  -0.098387886 -0.263194616 0.327319361 -0.067214793 -0.005577411 -0.036832062 0.997042859
1305031118.445703030  -0.094390664 -0.266078201 0.329064784 -0.067086096 -0.006557097 -0.034117419 0.997142147
1305031118.477869034  -0.094854467 -0.269417790 0.332590043 -0.066554677 -0.007355088 -0.031561044 0.997256375
1305031118.510200977  -0.092396154 -0.269029848 0.331104486 -0.064228577 -0.007850222 -0.030807205 0.997428684
1305031118.545198917  -0.093764411 -0.264926735 0.327632942 -0.064980735 -0.006565263 -0.032184106 0.997345770
1305031118.576376915  -0.088933561 -0.263425429 0.330007568 -0.067577298 -0.006626141 -0.031468192 0.997195646
1305031118.610868931  -0.087352844 -0.256763749 0.330062787 -0.067040779 -0.005137657 -0.033687993 0.997168119
1305031118.645330906  -0.088594987 -0.251369993 0.325309693 -0.068732559 -0.002266799 -0.036512781 0.996964149
1305031118.675081968  -0.088719519 -0.243605477 0.324961340 -0.071753951 -0.001380751 -0.038179233 0.996690428
1305031118.710139990  -0.090290082 -0.238828031 0.325168046 -0.072838585 -0.001600787 -0.041270532 0.996488194
1305031118.746800900  -0.091129297 -0.230173521 0.317003784 -0.070573452 -0.004078718 -0.041175580 0.996648044
1305031118.778789997  -0.088318781 -0.213051822 0.313323569 -0.071383076 -0.008488560 -0.041018217 0.996569068
1305031118.810703039  -0.082926572 -0.210630159 0.317852878 -0.077708593 -0.012431688 -0.041109566 0.996050617
1305031118.846774101  -0.079229429 -0.204097017 0.309486109 -0.074367463 -0.013466411 -0.040811720 0.996304441
1305031118.875401974  -0.081017725 -0.185608293 0.298085104 -0.071998364 -0.009773744 -0.043304608 0.996416289
1305031118.909607887  -0.081206907 -0.179303343 0.297093499 -0.075732696 -0.009215458 -0.045394269 0.996051703
1305031118.947009087  -0.079993345 -0.169168930 0.287792270 -0.075227145 -0.007722443 -0.047006397 0.996027931
1305031118.979393959  -0.082507374 -0.153310189 0.279461421 -0.075104738 -0.005900587 -0.050958087 0.995855278
1305031119.009711981  -0.085699276 -0.145312222 0.271284901 -0.079723524 -0.005356738 -0.053682100 0.995356066
1305031119.047179937  -0.084807157 -0.136500930 0.267215971 -0.082432145 -0.006937694 -0.053852258 0.995116448
1305031119.078965902  -0.088650619 -0.128771976 0.258309876 -0.083632633 -0.008036178 -0.053948444 0.995002798
1305031119.110883951  -0.085444236 -0.118682069 0.252536228 -0.084008939 -0.013030623 -0.052799143 0.994979875
1305031119.147629023  -0.088675851 -0.107474908 0.244620344 -0.084008699 -0.015330729 -0.051760289 0.995001698
1305031119.179261923  -0.085137382 -0.102741300 0.241827044 -0.085450526 -0.021255811 -0.051032615 0.994807554
1305031119.210906029  -0.085486139 -0.090202623 0.233652817 -0.082228194 -0.022392444 -0.050100713 0.995101513
1305031119.247659922  -0.086124023 -0.080942427 0.227769360 -0.082054369 -0.023264951 -0.049238451 0.995138884
1305031119.279243946  -0.084711702 -0.068197054 0.221883143 -0.080619214 -0.024651852 -0.049148576 0.995227233
1305031119.310755014  -0.086486462 -0.058916532 0.216110814 -0.080360780 -0.024566309 -0.047796603 0.995316094
1305031119.347749949  -0.086056047 -0.052285098 0.213762605 -0.080168204 -0.026634949 -0.044196690 0.995444770
1305031119.378631115  -0.085044852 -0.037667705 0.207416383 -0.078363129 -0.028760097 -0.043688343 0.995551810
1305031119.411492109  -0.080070549 -0.028517905 0.204274715 -0.079430881 -0.029733117 -0.042493407 0.995490325
1305031119.447726011  -0.081396367 -0.018989391 0.201066248 -0.079526804 -0.026641351 -0.042802437 0.995556968
1305031119.477682114  -0.081481117 -0.008546205 0.195431893 -0.077913337 -0.024899079 -0.043953615 0.995679480
1305031119.511257887  -0.083614209 0.003500030 0.190520372 -0.078471306 -0.022995216 -0.043245530 0.995712458
1305031119.547414064  -0.080060862 0.014817556 0.187411633 -0.079598569 -0.024097832 -0.040991732 0.995692242
1305031119.579569101  -0.080348336 0.030494386 0.180594272 -0.079927643 -0.022328339 -0.041443663 0.995688425
1305031119.615024090  -0.082223956 0.034007236 0.178861403 -0.085931225 -0.019893073 -0.041334683 0.995244460
1305031119.648889065  -0.084224545 0.051329418 0.174922752 -0.086183066 -0.018321400 -0.040371841 0.995292379
1305031119.675565958  -0.080158246 0.064133636 0.174717120 -0.089719833 -0.017315261 -0.041651475 0.994945068
1305031119.715249062  -0.081297740 0.070887578 0.174417136 -0.096575722 -0.011927858 -0.039284766 0.994478538
1305031119.744885921  -0.085687719 0.080258123 0.172135335 -0.099835382 -0.009040326 -0.035487851 0.994329815
1305031119.778628111  -0.086534655 0.087423783 0.170922538 -0.103569146 -0.010413751 -0.032737227 0.994028802
1305031119.814570904  -0.082577414 0.095079077 0.169444792 -0.106258184 -0.012378781 -0.028321804 0.993858058
1305031119.847445011  -0.083466883 0.108360473 0.167493892 -0.107275275 -0.010693350 -0.024452706 0.993871085
1305031119.879231930  -0.082347857 0.113475727 0.167340521 -0.108422464 -0.009009638 -0.024411004 0.993764307
1305031119.911423922  -0.082280338 0.126625580 0.161347254 -0.106517203 -0.007569083 -0.024103146 0.993989856
1305031119.947462082  -0.082555581 0.131477071 0.160696575 -0.112074720 -0.005468699 -0.023669779 0.993402784
1305031119.979546070  -0.081324215 0.138206698 0.158666576 -0.113855711 -0.002345594 -0.024825459 0.993184309
1305031120.015283108  -0.081178808 0.148099007 0.156423349 -0.116761859 0.000535002 -0.023270680 0.992887132
1305031120.047310114  -0.083365834 0.145440036 0.156926454 -0.126497398 0.001883251 -0.022141742 0.991718007
1305031120.075690031  -0.086711074 0.146338716 0.156389309 -0.127940927 0.000964006 -0.019864626 0.991582365
1305031120.115248919  -0.086250175 0.149782677 0.155498625 -0.128900631 -0.001338845 -0.018133102 0.991490810
1305031120.148175001  -0.087838926 0.149377147 0.158420887 -0.130117803 -0.001550316 -0.016417389 0.991361399
1305031120.179260969  -0.084845260 0.142904252 0.161318567 -0.130071689 -0.001901950 -0.014296315 0.991399694
1305031120.215260029  -0.084513094 0.134650949 0.161624689 -0.127203518 -0.002511878 -0.015012076 0.991759846
1305031120.248018026  -0.085156598 0.131486529 0.162345501 -0.123328233 -0.001996168 -0.016964705 0.992218908
1305031120.279441118  -0.085562974 0.128009516 0.164869697 -0.118925020 -0.001242507 -0.019178001 0.992717231
1305031120.315212965  -0.083163431 0.112195292 0.168616028 -0.120353600 -0.002303659 -0.021058616 0.992505032
1305031120.347796917  -0.085775464 0.109800180 0.171826333 -0.114312110 -0.001032860 -0.023811416 0.993158946
1305031120.379446030  -0.082065143 0.096396395 0.177188749 -0.114584836 -0.002880371 -0.023885242 0.993122104
1305031120.415489912  -0.080929377 0.078108462 0.182451815 -0.111641469 -0.004057635 -0.023305681 0.993466941
1305031120.447432995  -0.080749998 0.072784886 0.184861273 -0.103587362 -0.005026793 -0.023978661 0.994318567
1305031120.475581884  -0.079057380 0.057890571 0.191931131 -0.103454585 -0.006357731 -0.022697691 0.994354837
1305031120.514877081  -0.082095146 0.044534946 0.201109943 -0.097005383 -0.007971421 -0.021767350 0.995013867
1305031120.547806978  -0.083178153 0.039588738 0.206839675 -0.088792666 -0.011361849 -0.020525399 0.995773809
1305031120.579559088  -0.086274383 0.033806055 0.210920539 -0.084614754 -0.014410161 -0.017671430 0.996152805
1305031120.615271091  -0.083298440 0.020325671 0.217267173 -0.082906779 -0.019561825 -0.014606614 0.996258224
1305031120.646606922  -0.082325174 0.013948420 0.220386505 -0.076780264 -0.022365374 -0.014374218 0.996693515
1305031120.678467035  -0.081756909 0.007164635 0.224861450 -0.073462832 -0.024204755 -0.013787532 0.996908845
1305031120.714553118  -0.080077229 -0.000870630 0.229679408 -0.071471175 -0.025171219 -0.013085001 0.997039148
1305031120.747395992  -0.081738332 -0.012449755 0.233476466 -0.071286917 -0.027214885 -0.013315157 0.996995603
1305031120.779907942  -0.078580391 -0.021768483 0.240935148 -0.068899555 -0.030151039 -0.012811075 0.997085574
1305031120.814904928  -0.078863765 -0.026966036 0.242529379 -0.065509650 -0.030118612 -0.013615367 0.997304355
1305031120.847942114  -0.079320876 -0.037239495 0.247487505 -0.066247687 -0.031486615 -0.015317854 0.997188648
1305031120.883454084  -0.078297074 -0.048343381 0.251882047 -0.064390991 -0.031196336 -0.016683600 0.997297471
1305031120.915453911  -0.078799553 -0.052339635 0.253708686 -0.061344928 -0.029767786 -0.018892038 0.997493744
1305031120.947509050  -0.080758567 -0.062317077 0.258752383 -0.061844601 -0.029263331 -0.021304830 0.997429199
1305031120.983390093  -0.080803041 -0.071285457 0.261955799 -0.061029830 -0.029355364 -0.023187428 0.997434692
1305031121.015028954  -0.081565927 -0.081288041 0.265136948 -0.059507578 -0.030221060 -0.024147398 0.997478039
1305031121.047755003  -0.081054728 -0.089645803 0.267607386 -0.059340229 -0.029996552 -0.024696670 0.997481337
1305031121.083117008  -0.081423069 -0.104427471 0.272787967 -0.060266939 -0.031701611 -0.025174222 0.997361099
1305031121.114877939  -0.080619421 -0.111187813 0.274900941 -0.056880150 -0.033330837 -0.024478732 0.997524183
1305031121.147355080  -0.080836574 -0.119502376 0.276932884 -0.055146017 -0.034105275 -0.025171504 0.997578138
1305031121.183280945  -0.081168393 -0.130279241 0.281075142 -0.054195412 -0.035531016 -0.025487440 0.997572451
1305031121.211431026  -0.080054674 -0.138978590 0.286380869 -0.051298039 -0.035519532 -0.025464793 0.997726625
1305031121.247200966  -0.083069793 -0.147317378 0.285724412 -0.049364028 -0.033640189 -0.026411557 0.997864700
1305031121.282821894  -0.082658610 -0.159887976 0.290484144 -0.050786030 -0.035527399 -0.024617782 0.997773796
1305031121.313587904  -0.081211616 -0.170045670 0.296264371 -0.047974041 -0.036171628 -0.023338667 0.997920544
1305031121.347539902  -0.085944278 -0.177550669 0.297239295 -0.046046054 -0.036192412 -0.022670252 0.998026017
1305031121.383248091  -0.081589242 -0.189315432 0.305929417 -0.045147993 -0.038837231 -0.020593604 0.998012641
1305031121.414328098  -0.081945310 -0.197233157 0.307263662 -0.039984839 -0.037668333 -0.022149414 0.998244315
1305031121.447024107  -0.084560125 -0.206394331 0.308790445 -0.039395785 -0.036973566 -0.021854460 0.998300210
1305031121.483015060  -0.081734041 -0.218435807 0.318460457 -0.038651225 -0.035925259 -0.019392760 0.998418439
1305031121.514163971  -0.086440587 -0.226207132 0.312228761 -0.034889742 -0.033053875 -0.019769856 0.998648737
1305031121.546809912  -0.086587827 -0.231991893 0.313950037 -0.035831514 -0.032992510 -0.019834432 0.998616139
1305031121.583213091  -0.085848565 -0.244367787 0.321181443 -0.038491804 -0.031657966 -0.020122285 0.998554579
1305031121.614718914  -0.085939133 -0.252497118 0.322869637 -0.036931960 -0.030140106 -0.020857668 0.998645363
1305031121.646965981  -0.083622644 -0.259502298 0.323701680 -0.036737046 -0.026603125 -0.024184996 0.998678001
1305031121.683211088  -0.088398332 -0.266709059 0.325545077 -0.038683417 -0.021672221 -0.025635516 0.998687503
1305031121.714528084  -0.090304425 -0.274795352 0.328438242 -0.039435852 -0.020895737 -0.024317079 0.998707596
1305031121.746484041  -0.091428668 -0.280796478 0.330933522 -0.041439202 -0.020215658 -0.024137227 0.998644839
1305031121.782871008  -0.089806019 -0.288003049 0.334716211 -0.043478059 -0.020269578 -0.021409312 0.998619269
1305031121.811544895  -0.086499682 -0.291977061 0.337693131 -0.044566808 -0.019631857 -0.019912234 0.998614987
1305031121.846869946  -0.088366770 -0.296587113 0.338431956 -0.046811371 -0.017756420 -0.016524666 0.998609203
1305031121.882122993  -0.089676585 -0.297492827 0.339040681 -0.048698723 -0.017120784 -0.011062760 0.998605492
1305031121.914942980  -0.091306286 -0.296458481 0.341055337 -0.049884470 -0.018412019 -0.008965932 0.998545016
1305031121.947318077  -0.086149249 -0.299425744 0.343073626 -0.050858082 -0.021575087 -0.008160039 0.998439475
1305031121.982934952  -0.086476781 -0.294863463 0.339636599 -0.050581904 -0.020879214 -0.009671183 0.998454805
1305031122.014424086  -0.088211791 -0.291513365 0.339651895 -0.050722100 -0.020360373 -0.011368276 0.998440527
1305031122.046907902  -0.088547623 -0.285956789 0.335364134 -0.049642692 -0.022133797 -0.015344114 0.998403854
1305031122.082968950  -0.087311736 -0.278760778 0.332962409 -0.048964190 -0.022385030 -0.019203294 0.998364989
1305031122.114687920  -0.088223068 -0.270451648 0.327544720 -0.047855052 -0.022235482 -0.022674435 0.998349311
1305031122.150748014  -0.086823161 -0.260413401 0.323984805 -0.047519442 -0.023058615 -0.028354182 0.998201504
1305031122.183052063  -0.084337047 -0.251913873 0.317829880 -0.046641873 -0.022487827 -0.032251610 0.998137599
1305031122.214968920  -0.080731757 -0.229258724 0.313193176 -0.046266762 -0.022623961 -0.036175626 0.998017468
1305031122.251354933  -0.079306635 -0.223148428 0.314996328 -0.053118164 -0.023173524 -0.038464845 0.997578019
1305031122.283865929  -0.078408984 -0.212363749 0.309685044 -0.054088803 -0.024338767 -0.039183075 0.997470156
1305031122.314308882  -0.082126953 -0.196072462 0.300592197 -0.059151585 -0.025165498 -0.044342363 0.996946108
1305031122.351351023  -0.080357025 -0.189644299 0.299532284 -0.067223080 -0.028705213 -0.045866034 0.996269730
1305031122.382678032  -0.082163549 -0.178855936 0.293565833 -0.072324459 -0.030367055 -0.045458224 0.995881802
1305031122.415008068  -0.082873747 -0.172522381 0.289716028 -0.077308696 -0.035063525 -0.044919197 0.995377406
1305031122.451272011  -0.082170156 -0.161661518 0.282705510 -0.079254244 -0.039987841 -0.042521142 0.995144055
1305031122.483387947  -0.083400629 -0.153072471 0.276948256 -0.083036954 -0.044095655 -0.043157702 0.994634531
1305031122.515135050  -0.079943702 -0.141817232 0.271312517 -0.083982282 -0.048787035 -0.043547403 0.994319076
1305031122.551510096  -0.077612627 -0.132555267 0.265003724 -0.086114458 -0.050221173 -0.045355572 0.993984409
1305031122.583216906  -0.076215211 -0.125391526 0.261055056 -0.088457025 -0.049417688 -0.046443883 0.993768692
1305031122.615016937  -0.081216439 -0.116644506 0.255508691 -0.089258084 -0.048471880 -0.046409942 0.993745233
1305031122.648809910  -0.077755208 -0.105938160 0.250748892 -0.088039589 -0.051655586 -0.044198571 0.993794354
1305031122.683419943  -0.079139417 -0.095698435 0.244287037 -0.087749414 -0.052251502 -0.043420944 0.993823145
1305031122.715219021  -0.081753750 -0.087478892 0.238117003 -0.088144287 -0.054085564 -0.040557650 0.993811055
1305031122.751308918  -0.078424314 -0.072553806 0.229341333 -0.086711611 -0.057048983 -0.040654118 0.993767454
1305031122.783437967  -0.078467163 -0.058127171 0.224504635 -0.089189579 -0.056713304 -0.041103514 0.993548852
1305031122.812565088  -0.075807157 -0.052062512 0.223016831 -0.094971995 -0.056727111 -0.042069507 0.992971556
1305031122.851485968  -0.074464848 -0.041535148 0.221757952 -0.096450880 -0.052882954 -0.044313692 0.992943562
1305031122.883774996  -0.077302058 -0.030133742 0.216875986 -0.099121795 -0.045142478 -0.043631446 0.993092807
1305031122.914585114  -0.079894620 -0.025616554 0.215144613 -0.103843942 -0.042274912 -0.043063934 0.992761182
1305031122.951412916  -0.081858450 -0.016806182 0.211805405 -0.104023288 -0.040602372 -0.042459901 0.992838234
1305031122.983000040  -0.083212992 -0.005722984 0.207685687 -0.104981250 -0.040355173 -0.038706987 0.992900884
1305031123.015461922  -0.080557140 -0.001261944 0.205708713 -0.107718583 -0.041983656 -0.035910995 0.992645193
1305031123.051837921  -0.078909395 0.006201066 0.203548215 -0.106530351 -0.041925507 -0.034564675 0.992823660
1305031123.082992077  -0.077381283 0.017281599 0.196945358 -0.105454412 -0.041505324 -0.031852550 0.993046872
1305031123.113939047  -0.074685465 0.027464768 0.194333372 -0.108216412 -0.041208047 -0.029895148 0.992822937
1305031123.150840044  -0.074486651 0.033463901 0.192581888 -0.111676309 -0.040448186 -0.029793478 0.992474027
1305031123.182176113  -0.072292512 0.047014729 0.190963292 -0.112403193 -0.039271407 -0.029334889 0.992452892
1305031123.214724064  -0.070287141 0.057822752 0.190718788 -0.116228772 -0.035027209 -0.030068192 0.992149117
1305031123.250641108  -0.071565804 0.072221487 0.185612638 -0.120208453 -0.030312048 -0.031352331 0.991790370
1305031123.282362938  -0.071263662 0.081085259 0.186224970 -0.128639325 -0.026891276 -0.029295595 0.990893814
1305031123.320991993  -0.068405708 0.088819286 0.186478776 -0.134220658 -0.023321455 -0.028521850 0.990266342
1305031123.350492954  -0.066832718 0.095279349 0.184311293 -0.139741820 -0.019396191 -0.028418777 0.989590008
1305031123.382262945  -0.064394750 0.106270406 0.183592452 -0.143161170 -0.015024566 -0.024500408 0.989281998
1305031123.421343088  -0.064532763 0.112603345 0.184285394 -0.146314653 -0.010226318 -0.023031260 0.988917087
1305031123.451266050  -0.062917708 0.121372162 0.180170723 -0.148391164 -0.008013752 -0.021404514 0.988664599
1305031123.483604908  -0.061122510 0.132341908 0.178441864 -0.151125363 -0.006473582 -0.016981744 0.988347529
1305031123.519725084  -0.061053160 0.136364544 0.177694121 -0.155284294 -0.004291961 -0.013937813 0.987762170
1305031123.551573038  -0.059578445 0.142540958 0.175317337 -0.157142246 -0.004975409 -0.012058906 0.987489819
1305031123.579616070  -0.058499886 0.152755659 0.175258821 -0.158122265 -0.003899571 -0.008169703 0.987378042
1305031123.620387077  -0.053371626 0.157618482 0.172882826 -0.160267464 -0.004134209 -0.007718056 0.987034792
1305031123.652430058  -0.053227204 0.166103615 0.172070170 -0.163623346 -0.001610023 -0.007571898 0.986492511
1305031123.683784962  -0.050550436 0.171489633 0.171200038 -0.167742140 0.001408620 -0.006577001 0.985807960
1305031123.719974995  -0.051451879 0.181158582 0.168630902 -0.170455145 0.006062252 -0.005134747 0.985333409
1305031123.751980066  -0.050824299 0.185474948 0.168612395 -0.173313300 0.007979287 -0.002981997 0.984829904
1305031123.784137964  -0.050758247 0.187910067 0.168268506 -0.174510868 0.007493594 -0.001952416 0.984624797
1305031123.819695950  -0.050032905 0.189382237 0.167679855 -0.175550384 0.007178015 -0.000616711 0.984444086
1305031123.851551056  -0.049928375 0.190110075 0.167339176 -0.176215615 0.007090203 0.001413538 0.984325042
1305031123.883819103  -0.049299876 0.193560846 0.169657361 -0.173602550 0.005543328 0.002006373 0.984798152
1305031123.915793896  -0.049199706 0.187496481 0.168206826 -0.172109238 0.004065356 0.001474890 0.985068377
1305031123.951529980  -0.050680262 0.182666972 0.167712877 -0.174234066 0.003842649 0.002855191 0.984692628
1305031123.983421087  -0.047367926 0.183103579 0.174156244 -0.172836497 0.000105516 0.005072734 0.984937461
1305031124.019737005  -0.047829338 0.178690134 0.177548487 -0.166485310 -0.004118799 0.004425464 0.986025401
1305031124.051531076  -0.046507755 0.172639452 0.177236609 -0.162933817 -0.007957869 0.005132144 0.986591559
1305031124.083901882  -0.044455889 0.173375129 0.183669912 -0.158097545 -0.012198885 0.005225736 0.987334313
1305031124.119668961  -0.044274692 0.169072869 0.189955429 -0.148809987 -0.015706733 0.002889091 0.988736840
1305031124.147458076  -0.043146319 0.163689358 0.187185929 -0.143520304 -0.017449819 0.001264071 0.989492713
1305031124.182707071  -0.042391971 0.159261260 0.196015825 -0.140194485 -0.019408699 -0.001142225 0.989933081
1305031124.217179060  -0.042273483 0.154997175 0.200622380 -0.130667783 -0.020810292 -0.003024844 0.991203164
1305031124.249340057  -0.046994456 0.151016090 0.197120300 -0.123695849 -0.020182593 -0.003742534 0.992107854
1305031124.282555103  -0.047999446 0.148023000 0.201330017 -0.120382853 -0.024355238 -0.003765159 0.992421591
1305031124.316781998  -0.044754726 0.134363344 0.207158068 -0.118043206 -0.030126537 -0.002060107 0.992549218
1305031124.350370884  -0.046957731 0.132896089 0.208427828 -0.109512225 -0.032787502 -0.003859625 0.993437042
1305031124.382431984  -0.045524822 0.119086354 0.213603512 -0.107987348 -0.035773616 -0.004614622 0.993497703
1305031124.418555021  -0.046501282 0.109334619 0.214430820 -0.101975130 -0.036987807 -0.005906069 0.994081533
1305031124.450256109  -0.045601401 0.094893747 0.217356446 -0.096717251 -0.038794087 -0.007792190 0.994525049
1305031124.480125904  -0.047844637 0.080249310 0.219654730 -0.091854208 -0.039200498 -0.010577445 0.994944342
1305031124.516736984  -0.050089125 0.075335259 0.221562511 -0.082527015 -0.040863318 -0.013889552 0.995653836
1305031124.550503016  -0.050249949 0.067265642 0.225888667 -0.076943029 -0.042785533 -0.017346490 0.995965997
1305031124.584605932  -0.053362370 0.054952078 0.230555589 -0.073238549 -0.044868381 -0.020431601 0.996095122
1305031124.617652893  -0.052556940 0.044265369 0.235416716 -0.068139423 -0.048370134 -0.022191241 0.996255438
1305031124.651313066  -0.051857953 0.034424645 0.238652456 -0.063845071 -0.051529653 -0.023832253 0.996343578
1305031124.685472965  -0.052690022 0.019771963 0.243987285 -0.060730067 -0.052743365 -0.025965509 0.996421492
1305031124.715790987  -0.053031383 0.009890032 0.245873894 -0.055862425 -0.052504578 -0.027955292 0.996665019
1305031124.749941111  -0.053972882 -0.003122610 0.250311444 -0.054100782 -0.052908236 -0.029676115 0.996691102
1305031124.785177946  -0.054440495 -0.015697510 0.254156722 -0.050923324 -0.054424021 -0.030203286 0.996761056
1305031124.816641092  -0.054211750 -0.026490837 0.258735130 -0.048845761 -0.055381338 -0.030913259 0.996790534
1305031124.850558996  -0.055650927 -0.039751721 0.266047522 -0.049402948 -0.056660286 -0.031112521 0.996684991
1305031124.883594036  -0.052210477 -0.053606242 0.271851100 -0.047241588 -0.057832838 -0.031608274 0.996706834
1305031124.918770075  -0.053558660 -0.061154800 0.274518990 -0.044499077 -0.054422829 -0.032066038 0.997010410
1305031124.950747967  -0.054451032 -0.073521113 0.283622910 -0.048414755 -0.053463113 -0.031642719 0.996893397
1305031124.986459970  -0.055330800 -0.091083548 0.291402713 -0.048685454 -0.052672018 -0.028684467 0.997011829
1305031125.019467115  -0.059599760 -0.100088743 0.295946776 -0.043010621 -0.054447100 -0.028413167 0.997185184
1305031125.050797939  -0.054702688 -0.106251397 0.299867267 -0.040143090 -0.058396908 -0.027260958 0.997113421
1305031125.083479881  -0.056865169 -0.116241942 0.307631207 -0.040991951 -0.056573026 -0.023881144 0.997270697
1305031125.119029045  -0.058296826 -0.128670809 0.313050764 -0.040544790 -0.057549122 -0.022673267 0.997261321
1305031125.151036978  -0.056783232 -0.136550638 0.316719781 -0.036010369 -0.058149650 -0.024538653 0.997356369
1305031125.187063932  -0.059613764 -0.139578736 0.316615064 -0.035368246 -0.054351864 -0.024331789 0.997598580
1305031125.219017982  -0.060589905 -0.153647100 0.324180194 -0.039709259 -0.053581227 -0.023744838 0.997491057
1305031125.250642061  -0.062839384 -0.166062066 0.327105209 -0.038046783 -0.053160846 -0.026109297 0.997519259
1305031125.286396027  -0.065879314 -0.170199235 0.327371151 -0.034608747 -0.051963478 -0.027801957 0.997661808
1305031125.319139957  -0.063770096 -0.181796852 0.333370073 -0.035182757 -0.051322497 -0.026483485 0.997710780
1305031125.348898888  -0.066746490 -0.188174417 0.332287202 -0.030922134 -0.049452398 -0.029686594 0.997856196
1305031125.386791945  -0.065149751 -0.192111611 0.337241142 -0.030666322 -0.047699841 -0.034657457 0.997789137
1305031125.419574022  -0.064366866 -0.198519294 0.338555261 -0.030777243 -0.041387659 -0.035369920 0.998042480
1305031125.451231956  -0.068615024 -0.202548144 0.343623870 -0.032919765 -0.035094480 -0.038060155 0.998116271
1305031125.486999035  -0.066186566 -0.212250125 0.347392541 -0.033308003 -0.032208627 -0.038464222 0.998185196
1305031125.519354105  -0.068673475 -0.214087181 0.344170812 -0.032708421 -0.027252190 -0.040125099 0.998287260
1305031125.551049948  -0.067370390 -0.216928728 0.345506359 -0.033554698 -0.024871908 -0.041565559 0.998262378
1305031125.585303068  -0.065609279 -0.220398513 0.347562111 -0.035479000 -0.021693892 -0.043965885 0.998167129
1305031125.617870092  -0.066840122 -0.225046546 0.349412061 -0.035087802 -0.018242702 -0.043588703 0.998266535
1305031125.650353909  -0.070831132 -0.225439283 0.346964984 -0.030478217 -0.017559686 -0.040457855 0.998561915
1305031125.684602022  -0.075994646 -0.219232440 0.337456582 -0.025496896 -0.020123649 -0.041150924 0.998624829
1305031125.715668917  -0.071078793 -0.219239729 0.340490860 -0.024872681 -0.027506478 -0.039073078 0.998547965
1305031125.751291990  -0.070351997 -0.209792701 0.328662931 -0.019239238 -0.029344743 -0.037522898 0.998679513
1305031125.786804914  -0.068333659 -0.204191668 0.325470399 -0.019908195 -0.030855828 -0.041139790 0.998478392
1305031125.819449902  -0.064726291 -0.197066609 0.318178068 -0.020026882 -0.030870244 -0.042013595 0.998439187
1305031125.854773998  -0.066543506 -0.190044133 0.316046924 -0.022491560 -0.028741057 -0.043536321 0.998385031
1305031125.886645079  -0.066914976 -0.182634265 0.311716395 -0.023163532 -0.029595491 -0.043948765 0.998326632
1305031125.919333935  -0.070297140 -0.171929640 0.303573488 -0.026516235 -0.031295423 -0.043131284 0.998227017
1305031125.955251932  -0.071269183 -0.166506270 0.303164200 -0.030682054 -0.038331798 -0.039655391 0.998006380
1305031125.987093925  -0.067392296 -0.155474287 0.297526743 -0.031275413 -0.046682883 -0.035866411 0.997775605
1305031126.019572020  -0.062044350 -0.144089854 0.294015211 -0.033926852 -0.053347434 -0.035542537 0.997366406
1305031126.055037975  -0.056794999 -0.131455150 0.290333263 -0.036966240 -0.055694457 -0.034857521 0.997154240
1305031126.087075949  -0.054983268 -0.119723618 0.288335361 -0.041571333 -0.054328706 -0.033845635 0.997083090
1305031126.119452000  -0.052557160 -0.111206735 0.288711622 -0.046285897 -0.054417121 -0.033796011 0.996872220
1305031126.154999971  -0.053066859 -0.097038234 0.279872556 -0.048476418 -0.051780655 -0.033116243 0.996931349
1305031126.187174082  -0.054081860 -0.083951035 0.278214873 -0.055163961 -0.051382418 -0.032880670 0.996612084
1305031126.219472885  -0.048780322 -0.076109127 0.278895615 -0.061141460 -0.053593746 -0.032298940 0.996165755
1305031126.255235910  -0.046228849 -0.060665847 0.274978089 -0.063504623 -0.052468735 -0.031459026 0.996104675
1305031126.287105083  -0.045039562 -0.048252309 0.272729531 -0.067440166 -0.050682979 -0.033568767 0.995869569
1305031126.319787025  -0.043050401 -0.034979064 0.270179146 -0.071934861 -0.047609887 -0.034726436 0.995666987
1305031126.355415106  -0.043581890 -0.025912412 0.268892024 -0.076949304 -0.043390602 -0.036494984 0.995421607
1305031126.387482882  -0.045574281 -0.013743739 0.264765629 -0.079839904 -0.039694548 -0.037869868 0.995296843
1305031126.419792891  -0.046044633 -0.000812423 0.261678895 -0.083732669 -0.037804784 -0.039801755 0.994975105
1305031126.455379963  -0.045699065 0.005833957 0.259673281 -0.089039880 -0.036139270 -0.039472772 0.994589238
1305031126.490386009  -0.048449499 0.013865171 0.253905413 -0.092057397 -0.035333232 -0.037066711 0.994436050
1305031126.522320986  -0.045677338 0.029648892 0.250287475 -0.093505815 -0.037874487 -0.034852596 0.994287424
1305031126.558208942  -0.041350844 0.038728162 0.249761186 -0.099730356 -0.039330387 -0.034339009 0.993643703
1305031126.590176105  -0.039186220 0.048496708 0.248313249 -0.103474298 -0.037512947 -0.032194910 0.993402907
1305031126.618686914  -0.038982900 0.057172900 0.245674001 -0.108828326 -0.035509463 -0.031380797 0.992930370
1305031126.654474020  -0.035219454 0.060813626 0.245682661 -0.113883710 -0.034673605 -0.029555425 0.992448849
1305031126.690021992  -0.035414041 0.068128548 0.243801417 -0.115057850 -0.031856237 -0.024734268 0.992539716
1305031126.715770006  -0.032835191 0.075660267 0.242449064 -0.117402862 -0.031185006 -0.022268250 0.992344793
1305031126.755373955  -0.031154042 0.074372221 0.240592552 -0.120166665 -0.029482642 -0.018631050 0.992140933
1305031126.787564993  -0.031586918 0.084153014 0.236648413 -0.117892089 -0.028006855 -0.015827631 0.992505193
1305031126.819928885  -0.027989837 0.088570684 0.234857159 -0.117461355 -0.026512700 -0.015030398 0.992609689
1305031126.858377934  -0.027677147 0.090177724 0.231936861 -0.119088956 -0.022411746 -0.014779059 0.992520586
1305031126.888154030  -0.027359584 0.092031516 0.230810817 -0.120012903 -0.020595328 -0.014517693 0.992452504
1305031126.919409037  -0.024901620 0.091707975 0.229715706 -0.120692596 -0.019126708 -0.015181867 0.992389529
1305031126.955501080  -0.026000165 0.093961263 0.228244729 -0.121692530 -0.017803757 -0.013230942 0.992319957
1305031126.987315893  -0.025992312 0.093389699 0.227676302 -0.122114761 -0.018236739 -0.012500671 0.992269691
1305031127.019524097  -0.025632723 0.091353707 0.226667339 -0.120872573 -0.019300853 -0.011632038 0.992412210
1305031127.053318024  -0.025669564 0.091906640 0.225983124 -0.120354561 -0.019617771 -0.011143442 0.992474557
1305031127.088649035  -0.025895991 0.089655485 0.228541005 -0.121610391 -0.020717143 -0.011137708 0.992299181
1305031127.120963097  -0.028282731 0.089270667 0.227578442 -0.120207280 -0.021851316 -0.010268868 0.992455178
1305031127.157691956  -0.026208697 0.082597528 0.228846577 -0.121282123 -0.026149636 -0.008968755 0.992233039
1305031127.187500000  -0.029308506 0.086754417 0.229349377 -0.117093810 -0.027842552 -0.009595740 0.992684116
1305031127.221831083  -0.027977301 0.086463969 0.231356300 -0.115316110 -0.029627625 -0.009428072 0.992842138
1305031127.259761095  -0.027714349 0.082395388 0.233091379 -0.114507313 -0.030284148 -0.010621088 0.992903892
1305031127.287038088  -0.028670937 0.081171674 0.233222606 -0.112032852 -0.030078730 -0.011575106 0.993181719
1305031127.320467949  -0.029568931 0.076105685 0.236732191 -0.113572927 -0.031380847 -0.012421280 0.992956265
1305031127.353406906  -0.029047784 0.070053434 0.240316342 -0.112513024 -0.033536379 -0.012774494 0.993001985
1305031127.383713007  -0.030165251 0.072188646 0.239167383 -0.108118936 -0.034391403 -0.012995097 0.993457928
1305031127.419650078  -0.033198316 0.073707031 0.240841444 -0.106814206 -0.034366192 -0.013958590 0.993586860
1305031127.454246044  -0.032355072 0.066131776 0.244466521 -0.107996610 -0.036285363 -0.014212027 0.993387197
1305031127.487200022  -0.034759080 0.070753920 0.243237056 -0.103385060 -0.036647040 -0.014672553 0.993857756
1305031127.521899939  -0.036160024 0.072220609 0.245545734 -0.103748313 -0.037280480 -0.015908253 0.993777330
1305031127.553725004  -0.033712425 0.061958530 0.248490780 -0.106915345 -0.039556010 -0.015885298 0.993353959
1305031127.586632013  -0.035048210 0.063790115 0.248963655 -0.103909114 -0.039583271 -0.016335095 0.993664544
1305031127.620656967  -0.035048210 0.063790115 0.248963655 -0.103909114 -0.039583271 -0.016335095 0.993664544
1305031127.654655933  -0.034671088 0.059949164 0.252559985 -0.106157297 -0.040862297 -0.015021883 0.993395814
1305031127.687109947  -0.035334346 0.058004948 0.252096065 -0.104632588 -0.040851895 -0.014448602 0.993566496
1305031127.723210096  -0.035940515 0.062137200 0.251021060 -0.102297972 -0.041196495 -0.014898413 0.993788715
1305031127.754693985  -0.035653193 0.057886369 0.254155767 -0.105028555 -0.041924239 -0.014456697 0.993479927
1305031127.787641048  -0.035432974 0.055473338 0.253718595 -0.104303297 -0.042720665 -0.014335309 0.993524165
1305031127.820127964  -0.038345208 0.059953870 0.253477375 -0.101278381 -0.041693786 -0.015472819 0.993863627
1305031127.855132103  -0.036392680 0.058902631 0.253044910 -0.101541840 -0.042572046 -0.016716794 0.993779364
1305031127.887121916  -0.038702405 0.053883876 0.253947377 -0.103546833 -0.042113922 -0.016802771 0.993590528
1305031127.922559977  -0.038602867 0.054272440 0.253382783 -0.102737646 -0.043107498 -0.017356669 0.993622396
1305031127.955087900  -0.041127909 0.059436484 0.253610580 -0.101608767 -0.043348269 -0.017356640 0.993727998
1305031127.987092972  -0.039379449 0.054801059 0.255615266 -0.104531599 -0.045044211 -0.017491409 0.993346976
1305031128.021775961  -0.037384728 0.058050403 0.256974505 -0.104687032 -0.045432467 -0.017119319 0.993319407
1305031128.055717945  -0.036609349 0.051701009 0.261776349 -0.109448531 -0.044741351 -0.015611594 0.992862281
1305031128.087205887  -0.038093135 0.051008884 0.263272153 -0.108462761 -0.044397934 -0.015475759 0.992987993
1305031128.124746084  -0.036859929 0.052773088 0.264963660 -0.107557476 -0.044812553 -0.014569254 0.993081548
1305031128.157782078  -0.036887150 0.053077340 0.266547592 -0.107321431 -0.044852348 -0.012674003 0.993131284
1305031128.187221050  -0.035986955 0.044789752 0.268396734 -0.109622043 -0.045250467 -0.011715919 0.992873678
1305031128.225441933  -0.037550350 0.048219013 0.268178914 -0.106361938 -0.044630695 -0.012083615 0.993251844
1305031128.256006956  -0.037550350 0.048219013 0.268178914 -0.106361938 -0.044630695 -0.012083615 0.993251844
1305031128.291275024  -0.036451675 0.044860574 0.270593783 -0.107850116 -0.046283288 -0.011667884 0.993020680
1305031128.324170113  -0.038508098 0.045552490 0.268733884 -0.106508397 -0.045293305 -0.012594645 0.993199805
1305031128.355206013  -0.037742642 0.046876924 0.268920595 -0.105522109 -0.046024509 -0.013404762 0.993260863
1305031128.391396999  -0.039467618 0.045545294 0.269694869 -0.106562088 -0.045877633 -0.015199188 0.993130781
1305031128.423609018  -0.039095516 0.044511790 0.269182329 -0.105625838 -0.045952557 -0.016346512 0.993209110
1305031128.455498934  -0.040031716 0.044065384 0.268802045 -0.105281507 -0.045550543 -0.017297080 0.993248088
1305031128.489522934  -0.041239390 0.042983436 0.268453666 -0.105954851 -0.045445519 -0.019258915 0.993145190
1305031128.523603916  -0.040651882 0.043247592 0.268667857 -0.105336622 -0.045689703 -0.019103297 0.993202754
1305031128.555639029  -0.039972780 0.043822853 0.268816290 -0.104910252 -0.045639291 -0.019390867 0.993244627
1305031128.591459990  -0.041185504 0.037195042 0.269652752 -0.106753844 -0.044253689 -0.019949031 0.993099826
1305031128.623368025  -0.042818409 0.039509950 0.266370455 -0.103852528 -0.043713921 -0.019599000 0.993438284
1305031128.655554056  -0.043113034 0.038948278 0.267018674 -0.104144758 -0.045014993 -0.019636505 0.993348845
1305031128.690448999  -0.040778942 0.037294008 0.268128073 -0.103638681 -0.047442657 -0.019492072 0.993291638
1305031128.722975969  -0.039275945 0.037117090 0.267662381 -0.103172104 -0.048411161 -0.020269169 0.993277925
1305031128.754646063  -0.039585031 0.038410851 0.267174043 -0.101612579 -0.047273533 -0.021305743 0.993471772
